867.79	907.3275	888.1375	821.3525	773.85	567.695	402.57	486.0475	706.6225	1033.8075	1140.26	1155.8425	1114.555	1096.015	1057.6675	980.1325	969.4075	961.1975	971.895	871.4475	876.1175	795.49	827.3525	904.0425
850.5325	788.0925	731.2575	670.4	626.905	552.5975	593.4625	752.275	860.9325	1132.805	1124.15	1090.0675	1089.18	1100.055	1063.755	1005.895	978.465	966.6525	1010.19	926.2025	961.25	882.385	873.4025	948.925
879.7175	822.15	759.39	724.525	640.295	557.61	490.075	659.25	901.72	1149.97	1165.8475	1111.6075	1101.485	1131.375	1082.7625	1013.11	999.51	995.8475	1045.8	975.195	953.41	854.51	872.2775	945.2325
905.07	833.295	748.5925	703.5125	635.32	551.545	465.5625	603.96	846.005	1131.6825	1202.3925	1180.1025	1142.755	1127.5375	1072.16	999.2725	942.0075	960.055	982.045	947.765	925.5925	838.58	855.615	949.41
874.7975	811.725	742.415	677.5925	635.4575	557.81	540.785	758.3875	954.5275	1135.205	1116.17	1065.805	1050.1575	1084.655	1058.9475	974.4825	971.2675	964.7525	1010.865	960.0975	957.7875	877.0975	876.325	965.2475
911.745	844.86	770.74	727.3875	635.53	535.5375	445.6575	601.7975	854.1325	1166.6575	1225.6275	1182.5775	1117.205	1095.0625	1069.2825	993.52	965.6575	979.03	1029.54	947.49	980.535	872.1	870.865	947.07
862.735	788.8625	741.2175	685.85	627.2925	570.535	649.7025	986.2875	1013.1625	1081.665	1063.0925	1037.2775	1035.49	1066.2475	1054.6925	962.3175	932.0725	963.745	1022.39	986.675	1021.295	921.6675	885.6825	929.375
840.33	780.515	732.965	721.1025	656.5275	553.32	594.9925	945.7475	990.4475	1063.57	1054.0175	1021.0425	1019.8825	1057.64	1020.715	948.5125	939.595	966.88	1026.92	997.375	1034.9425	945.0625	902.5525	953.085
861.175	783.385	732.59	703.36	643.1325	556.845	619.9475	949.055	997.955	1070.2175	1040.16	1013.925	1004.3325	1062.26	1037.64	965.1675	941.6725	969.8325	1030.2	1006.865	1040.5825	926.8275	913.5025	950.1375
874.77	810.1175	751.895	697.78	656.435	544.5275	475.8775	752.2825	944.6075	1159.2	1167.8925	1127.7275	1124.7075	1153.5275	1127.78	1071.715	1059.6875	1081.2875	1110.5925	1005.89	969.095	849.3125	854.84	936.3275
903.0825	847.9175	772.84	721.845	629.8925	532.7775	454.6975	591.1525	863.8175	1192.3375	1239.715	1183.8425	1156.235	1153.9875	1095.3375	987.7475	974.635	1015.74	1045.6375	969.74	980.8875	852.9175	871.195	950.055
860.93	776.185	731.0825	722.8725	700.795	582.04	602.0075	920.8375	1001.7225	1105	1066.15	1028.69	1046.1225	1109.7	1062.15	985.925	958.9675	986.9225	1065.7725	1031.155	1078.705	952.2975	908.83	956.87
890.2675	782.9875	738.805	640.83	625.49	578.1675	670.8875	991.115	1010.07	1074.2725	1070.035	1018.075	1021.2875	1070.69	1011.4175	953.68	922.5825	958.745	1033.8675	1020.975	1024.655	924.7775	913.215	957.89
860.815	787.5875	734.475	699.695	612.6975	562.8175	645.0825	1001.63	1049.14	1090.63	1059.9125	1029.875	1012.265	1067.32	1019.64	953.1225	911.27	965.62	1046.69	1011.0775	1039.73	911.2425	883.7025	917.345
823.84	753.455	713.5725	677.395	634.4075	599.945	674.99	987.135	1012.89	1026.95	1021.5725	981.7875	974.5825	1035.01	968.5125	907.6325	908.8875	952.57	1014.6825	1021.26	1036.9025	931.945	887.8825	944.85
846.945	763.96	724.2675	688.735	686.83	546.255	592.22	954.075	1003.0475	1082.27	1101.53	1068.695	1015.5525	1059.5175	1029.015	954.74	937.1775	971.015	1033.57	1010.1825	1008.2825	907.8225	884.9175	937.2525
845.66	773.4675	727.2325	713.82	679.5725	528.875	504.4925	750.5775	951.1	1185.015	1172.805	1120.14	1108.895	1150.4825	1132.55	1074.8	1053.21	1068.33	1114.415	1017.6575	966.2875	830.4175	846.755	920.9075
889.07	812.6625	751.0025	715.435	664.66	513.0575	418.78	585.91	898.5925	1224.075	1267.7975	1206.4325	1156.215	1151.965	1108.8075	1017.3525	986.03	1000.66	1041.685	943.1	954.82	839.375	856.3525	894.685
820.2	757.97	719.415	676.39	622.8375	551.7975	616.9425	968.865	993.0575	1088.3925	1058.64	1049.5725	1024.76	1059.9625	1045.8375	968.755	924.86	955.96	1054.2025	1011.4525	1039.43	918.2725	876.0125	910.0825
828.67	736.18	699.765	683.2225	648.105	538.27	588.995	973.0725	996.26	1053.4725	1037.2475	991.3875	1004.8425	1078.6625	1005.195	934.56	912.06	951.77	1040.405	1014.2775	1022.43	920.7125	875.345	913.7575
822.1425	719.745	691.8275	681.58	626.5675	536.025	584.3275	968.765	983.505	1033.905	1039.17	1003.305	1004.485	1052.1025	989.15	923.3175	922.0675	954.4825	1030.995	1010.3525	1008.4775	902.3825	873.485	903.48
799.87	718.2575	682.715	671.39	634.235	522.5525	595.1375	940.775	985.765	1045.34	1018.3975	1003.2975	1003.9175	1057.0025	998.7425	920.8075	892.4475	942.215	1023.1575	994.3375	1014.2775	966.9925	859.655	903.0975
821.61	720.6975	690.6225	673.0375	609.255	530.115	591.2075	957.3925	997.535	1068.9725	1064.58	1025.26	1029.54	1062.4125	1016.6025	954.7275	944.095	960.83	1042.95	991.0225	995.245	886.8875	891.11	920.1175
836.6325	757.99	703.56	682.2075	639.71	512.7075	491.84	757.3775	965.1725	1188.0425	1201.2375	1141.5975	1122.18	1159.1175	1130.02	1065.255	1043.5375	1075.895	1102.77	1000.02	955.605	831.7925	843.565	913.775
873.7275	810.5875	749.34	723.6775	657.14	515.4525	414.5125	572.585	876.675	1210.47	1234.035	1180.3725	1150.67	1143.29	1071.315	1002.6425	965.955	989.4975	1022.3025	947.89	968.4025	815.04	834.105	885.3875
811.605	732.29	700.2425	646.3625	590.835	529.625	612.305	974.915	1014.7375	1079.7675	1052.6975	994.0175	1016.425	1062.2475	1009.1075	952.1175	916.1525	931.21	1013.1425	994.01	1004.615	899.3175	882.1525	932.1275
797.73	733.6775	691.2875	680.305	619.7925	521.0775	581.17	964.3525	984.74	1054.845	1041.7925	991.715	995.1125	1062.945	999.2825	934.2625	888.0175	942.6025	1039.5525	1002.31	1012.35	919.15	875.3125	900.455
797.28	720.755	674.8175	665.13	589.7975	539	595.78	1000.5	986.8325	1058.61	1033.8425	1018.5775	1010.275	1048.24	1002.1825	929.915	893.9825	952.555	1021.105	997.1425	1012.405	906.295	877.7925	888.56
808.3175	747.33	701.8575	678.885	598.965	532.635	587.5875	960.125	996.755	1047.06	1041.215	970.3375	996.3775	1039.0975	976.725	909.625	909.4	941.6325	1033.195	1001.3875	994.84	884.13	857.655	880.71
813.04	735.13	684.17	677.76	611.0075	529.865	587.16	940.285	957.2	1045.5725	1002.3725	989.7975	1011.72	1067.4525	1007.8775	939.4825	908.3925	957.19	1031.265	991.675	989.71	867.115	858.425	895.3925
850.9725	749.565	712.8825	695.8825	603.195	488.6725	475.4	769.6175	986.8325	1195.67	1189.0375	1142.2925	1115.51	1121.46	1122.47	1060.1675	1033.1225	1050.7625	1110.615	999.85	941.255	815.8325	821.4875	895.16
871.335	806.0425	746.635	699.9275	608.6425	506.7625	400.025	600.1725	885.54	1185.8	1219.575	1189.89	1127.1525	1117.105	1074.54	975.0875	935.1725	950.2975	1010.3975	905.42	908.895	807.785	836.3475	888.21
825.24	736.76	693.825	688.64	625.6275	528.9275	584.0225	959.075	1004.51	1065.445	1050.925	994.0625	1006.1775	1051.735	1010.1325	933.06	915.455	944.0775	1019.3575	992.7525	1021.495	894.645	862.035	901.2075
820.7325	739.1775	692.09	649.3325	585.365	527.99	587.6725	987.1825	987.4575	1046.4575	1019.19	994.805	1017.4025	1067.9575	850.2	921.4625	896.2275	910.405	1030.805	1038.34	1050.975	949.385	879.965	906.8875
787.0975	692.6675	659.565	613.795	556.87	517.0425	642.26	1033.915	1015.215	1050.96	1012.27	1006.0725	994.4225	1050.22	973.405	914.3375	897.695	923.9575	1039.89	1039.2475	1042.92	944.205	894.5025	847.2775
723.135	666.6975	635.6825	597.015	539.165	506.9575	640.62	982.64	993.2025	1037.19	980.5225	966.865	989.5825	1047.2225	982.5825	924.9025	891.165	938.0775	1031.6	1026.1	1048.41	923.4875	858.705	832.5775
678.93	595.7825	622.1075	624.1175	565.3975	460.9975	554.05	828.765	893.8625	1061.475	1073.3325	976.2775	1047.6475	1104.0825	1041.04	931.175	927.2925	973.7875	1064.075	1066.6925	1060.5425	942.7725	889.52	883.2775
774.1375	715.75	663.885	650.9	608.4225	500.535	484.245	766.3875	978.835	1186.735	1197.9275	1151.91	1140.3775	1181.795	1126.6375	1064.825	1058.195	1088.5825	1162.385	1064.58	1016.725	855.3175	845.01	854.285
797.96	729.285	673.74	642.54	580.89	476.9575	432.65	606.5125	950.405	1251.69	1302.86	1244.5925	1172.86	1188.515	1102.7475	1019.98	975.6075	997.8475	1051.0625	996.3575	969.8675	875.4325	843.535	842.5225
731.2075	673.785	647.8225	629.125	545.8925	533.1925	629.2625	1016.29	1052.395	1140.2875	1116.89	1062.76	1028.235	1095.285	1025.43	920.8125	913.88	935.705	1036	1063.71	1084.9125	961.155	889.355	877.725
777.3025	715.8775	669.78	658.5475	610.735	547.5	661.875	1048.0025	1046.61	1102.7275	1071.8275	994.6183333	1023.3275	1068.678333	941.825	938.7525	902.3325	949.915	1057.055	1054.885	1082.2775	960.4125	899.1925	844.9025
763.0525	704.45	660.1875	649.835	637.0575	563.28	670.1475	1057.535	1059.3325	1075.175	934.91	919.9025	933.6225	1075.43	1027.805	918.0725	927.2325	972.5625	1077.325	1086.3725	1105.2375	986.3375	918.6675	870.205
772.9725	714.38	678.3575	658.8375	602.895	556.36	662.85	1032.2	1038.35	1055.315	1040.515	1033.83	1029.4975	1081.425	988.32	919.7275	911.53	949.82	1048.13	1058.55	1070.95	952.5475	885.0675	856.99
773.6175	725.74	676.2025	578.645	571.925	558.87	719.99	1039.5675	1063.905	1063.26	1029.9175	1018.87	1035.0625	1091.34	1024.27	982.4275	949.5875	973.615	1082.81	1064.1925	1049.135	929.5	898.3275	865.7925
781.1375	723.35	684.0825	661.255	654.53	566.6775	570.0525	812.8075	1050.6375	1226.5175	1195.75	1144.5675	1133.215	1173.5025	1149.4675	1089.2775	1064.36	1102.48	1174.5525	1070.135	997.22	868.4875	836.925	851.8875
795.8125	762.5625	688.2475	662.92	579.675	527.8	502.1525	691.7325	956.1225	1229.6825	1255.8525	1200.37	1135.825	1136.93	1072.5375	967.46	942.6125	958.8075	1025.3675	977.805	982.235	881.62	843.36	837.5125
726.9125	679.5625	654.05	637.7275	633.85	553.57	651.9925	997.155	1034.69	1071.325	1017.9925	1000.9625	1016.5675	1076.7275	1021.12	933.89	917.1575	935.185	1038.53	1056.3875	1081.0375	982.565	883.855	865.8775
757.34	698.4925	658.16	646.5675	633.6975	552.7875	662.0525	1046.9775	1063.505	1104.24	1049.8775	1011.715	1045.4575	1072.2725	998.52	946.8625	914.59	944.115	1069.8225	1054.595	1066.835	977.49	934.4925	893.82
760.485	704.8625	667.215	659.43	604.3625	565.895	679.6325	1084.975	1083.4475	1110.5525	1065.5625	1038.1875	1039.6	1103.16	1019.0675	931.605	919.7575	953.36	1062.315	1062.8925	1074.7075	970.455	904.3275	879.015
756.1425	705.9675	671.665	652.1775	637.985	559.7925	671.7675	1063.29	1067.005	1096.2375	1062.8575	1043.47	1053.935	1085.31	1009.6	946.4625	924.47	946.9175	1071.59	1069.74	1068.22	964.185	896.0775	878.53
776.4225	709.2675	674.0925	654.63	577.345	561.905	677.705	1065.3975	1077.0275	1114.09	1052.3725	1027.415	1051.0125	1077.31	1034.4975	977.075	936.975	973.5775	1081.055	1062.245	1054.31	942.9425	894.73	881.7775
788.96	732.1975	699.5925	676.5725	624.3275	556.825	571.7875	851.295	1066.2075	1230.15	1222.82	1174.7	1149.41	1198.9975	1138.23	1043.8975	1035.105	1074.095	1141.045	1059.41	1006.78	873.4175	839.5275	855.75
811.2275	736.45	689.42	642.3425	565.025	528.4975	490.4325	679.39	925.85	1188.72	1217.695	1172.155	1130.4875	1133.72	1059.58	986.4025	955.6175	953.59	1009.2825	986.335	980.5375	881.4525	848.5375	843.8375
756.825	693.9925	650.7525	564.175	561.92	549.37	711.45	1054.935	1051.76	1113.89	1039.1525	1013.1975	1045.75	1085.55	1029.8575	961.1575	913.055	951.5475	1054.4125	1043.8325	1077.5625	961.5275	880.235	858.215
755.7725	704.585	667.2825	595.89	563.6525	560.2275	683.7175	1048.04	1056.8825	1063.0375	1028.46	977.335	1007.1225	1065.805	976.755	904.0175	894.0475	920.255	1035.0425	1054.625	1070.2375	953.2925	888.0775	854.7775
738.495	697.79	598.465	556.01	557.9775	547.5225	738.005	1084.93	1033.41	1053.5175	1019.715	981.415	1001.7525	1075.8825	1003.045	931.3475	911.71	931.6	1004.5925	1060.965	1066.4425	955.88	884.08	864.4825
751.9625	698.9725	627.7225	555.52	557.62	540.57	706.4275	1053.365	1034.615	1065.9575	1018.1775	938.2275	1014.92	1031.295	895.4875	930.325	896.77	936.1025	1062.3325	1038.4575	1047.6175	949.1325	875.3325	872.9725
769.27	712.9225	608.7675	566.54	586.3925	550.9075	735.58	1070.28	1065.0875	1094.5675	1053.515	1053.56	1024.1275	1075.925	1034.6275	949.9575	925.8525	957.435	1061.85	1060.26	1055.5375	923.1825	880.0475	857.0675
768.3775	722.0275	671.8	589.2125	571.225	541.5175	582.2125	896.7925	1079.46	1234.11	1214.77	1168.045	1140.8925	1173.135	1139.3875	1050.7775	1016.605	1037.755	1142.27	1056.4175	1001.175	878.28	848.5375	850.3725
796.82	717.4875	675.16	636.4675	561.945	521.0925	489.2875	718.005	1003.775	1259.1225	1246.965	1179.74	1127.57	1147.53	1064.4225	966.6975	914.6575	941.56	1013.4925	981.0325	974.545	870.9375	829.4025	827.7675
727.765	679.865	633.465	571.6825	541.0025	536.9075	663.9825	1057.1225	1071.69	1065.435	1030.5	1010.5575	1010.5625	1052.005	999.225	933.6225	899.2125	917.3925	1022.95	1042.3325	1072.95	943.6375	864.14	859.1325
749.0175	695.165	606.855	551.36	548.405	543.2625	726.3175	1064.385	1041.235	1021.53	1001.755	976.6875	988.475	1052.835	975.1575	926.1975	899.215	911.3375	1047.0875	1048.43	1068.0575	958.9975	899.7725	847.79
737.5775	660.27	562.8225	546.3825	555.3	577.255	759.8525	1028.2275	1086.175	1079.77	1039.88	1028.76	1000.6775	1021.7975	998.4975	926.0775	899.9725	932.7575	1049.115	1071.8225	1068.945	958.3675	881.565	840.5375
740.3475	651.71	556.955	543.7875	547.33	595.9475	699.36	1021.38	1043.985	1079.4025	1040.12	1007.64	1003.6775	1055.825	990.605	948.2475	907.43	918.125	1041.83	1057.0025	1055.1625	966.4925	892.1625	845.785
751.07	701.0625	591.1125	545.8925	547.745	529.2675	747.415	1078.6675	1076.6825	1100.245	1051.055	1010.4625	1040.1475	1058.84	1021.9925	956.7725	926.6975	960.9675	1055.1325	1054.325	1049.8375	937.8375	890.915	858.2525
759.5725	706.195	636.4925	564.5725	566.95	527.0675	598.4025	900.6675	1075.3725	1225.9275	1188.6825	1146.77	1125.77	1155.675	1144.8425	1054.805	1023.0825	1035.1875	1118.66	1047.3575	983.88	871.0625	862.8225	850.88
801.855	733.78	686.855	622.5725	554.835	510.79	488.2775	732.1175	1008.1975	1254.5225	1250.4475	1173.15	1132.6775	1124.9925	1069.46	968.475	909.06	943.1125	1013.0425	960.6975	948.745	859.6275	821.155	829.5375
746.7775	687.145	633.3675	540.9925	538.475	532.95	704.08	1070.455	1065.0775	1106.895	1060.37	1041.2	1034.715	1083.5075	1022.4	929.9525	874.5325	860.85	1035.41	1047.135	1084.335	970.21	882.5775	865.61
770.3025	711.325	591.3625	558.8775	558.575	548.7975	766.235	1089.005	1084.0425	1089.3275	1045.31	991.8275	1009.72	1052.2775	997.865	926.4725	898.005	912.5625	1018.87	1026.1575	1018.9225	922.7675	879.83	916.155
815.5575	751.4375	629.44	613.99	617.07	557.8675	719.775	1078.77	1043.84	1066.74	1038.02	1001.86	1011.46	1058.855	1003.5675	932.29	908.8125	929.795	1031.3	1045.7825	1023.505	914.9125	864.85	893.07
804.1375	718.31	602.5	596.0075	589.375	560.125	730.5575	1060.2575	1046.55	1083.655	1048.0975	1006.1175	1026.2025	1066.465	1004.315	951.3275	907.4725	927.69	1031.58	1022.2975	1015.2525	889.11	870.2175	894.7825
795.3925	721.2725	621.445	594.305	592.5575	554.8975	734.005	1033.0075	1037.8825	1082.3	1041.57	1028.0625	1017.7175	1070.6325	1033.5675	973.8225	942.5325	965.6725	1033.2375	1017.13	1004.26	886.405	860.365	888.07
825.7975	757.6325	686.7575	605.77	588.66	533.1425	571.575	876.9575	1073.345	1205.6475	1177.935	1127.825	1116.98	1130.5825	1113.495	1036.2	1003.97	1025.8625	1101.4175	1016.88	950.1	840.9875	834.2175	889.015
857.0375	790.825	735.4375	651.0825	603.9325	523.2525	464.46	699.965	989.0575	1232.3025	1238.7675	1168.3525	1108.3475	1106.3275	1063.4775	962.39	925.465	934.185	1005.7	914.3725	906.365	808.16	829.4675	870.62
799.07	736.4875	652.6575	591.0325	593.7475	542.3975	678.8175	992.8525	980.6775	1038.375	996.9475	993.5975	995.1925	1026.8425	969.03	898.9875	870.2925	905.03	1007.715	940.1375	1011.4825	902.2775	838.5175	852.4725
779.34	711.53	587.0675	575.6775	570.21	560.435	695.7625	965.8225	996.31	1041.08	1020.7775	1009.28	1008.4575	1051.535	1009.76	907.18	892.6575	920.5675	1009.9675	1011.29	1032.135	931.0525	877.635	885.475
800.9075	726.575	597.805	583.145	583.94	554.84	736.535	1065.62	1041.5925	1088.4375	1053.6525	991.6025	1001.7375	1051.695	884.8625	934.275	928.5575	943.7	1069.325	1058.35	1064.9525	965.7625	909.62	858.97
764.45	691.2325	579.4925	575.0825	580.62	570.98	754.7475	1057.98	1077.9	1098.85	988.15	904.95	898.7325	946.72	896.2975	869.6525	937.7975	936.7075	1046.33	1146.8025	1148.53	1051.705	907.57	932.0575
838.6025	756.105	658.915	638.4025	637.3075	569.3575	825.285	1160.47	1144.925	1046.615	1010.0125	1046.73	1040.53	1070.5875	1030.4775	948.85	939.9525	973.565	1074.3425	1070.8325	1051.5325	928.935	874.625	825.745
752.155	680.615	622.2375	532.97	523.57	513.3125	602.275	913.42	1053.035	1208.1475	1201.515	1154.045	1142.9875	1171.0975	1126.9325	1056.7425	1021.62	1046.26	1090.29	1040.16	982.9875	846.495	816.48	840.8275
784.55	715.0225	667.245	639.52	534.8725	506.8625	497.8425	659.2075	964.5175	1205.6825	1210.7125	1169.5575	1133.4975	1133.015	1047.6625	979.3425	926.2	932.315	1005.67	986.09	990.135	895.6725	849.64	829.0525
745.1075	669.26	572.92	534.725	541.055	537.13	746.6925	1103.29	1108.2	1107.005	1067.265	1039.24	1055.8025	1085.1825	1025.99	951.8475	916.4075	925.815	1027.7	1056.4425	1071.995	973.49	874.44	828.505
730.33	691.4975	555.245	541.4825	553.6875	526.465	735.895	1079.035	1089.95	1090.065	1043.225	1023.38	1015.3625	1070.05	1013.655	940.67	912.7575	841.415	1033.09	1061.225	1062.73	955.7975	872.995	847.5275
729.3225	673.0625	556.915	534.515	529.0175	517.5	734.29	1091.5875	1040.5575	1027.615	986.9425	902.54	967.2725	1040.045	978.2325	882.11	809.475	909.7275	1009.4625	1039.92	1041.845	937.3125	869.6625	838.4325
739.935	659.8025	548.0075	545.055	539.4	518.6675	749.9525	1050.7625	1025.3575	1058.74	1010.55	969.9425	1004.9975	963.3	969.7925	938.005	898.77	923.2025	1022.1	1043.57	1049.1575	969.1925	880.1575	850.5525
747.2	634.52	565.9325	540.5375	541.11	554.14	745.49	1028.7425	1040.3325	1038.45	1016.4775	984.15	996.555	1057.72	1014.415	956.96	937.71	954.6975	1037.005	1074.2475	1052.02	937.265	891.35	858.37
771.09	673.805	565.8775	552.29	551.16	519.74	666.195	929.605	1080.6025	1246.6125	1239.415	1167.0225	1148.245	1193.8575	1147.6375	1063.58	1029.3	1040.63	1112.8525	1077.1275	1026.2375	878.4475	867.4125	846.9025
773.6675	711.605	667.245	659.5125	587.8075	558.5775	547.5175	596.89	893.6225	1079.75	1230.6025	1210.6275	1152.15	1168.0975	1098.6275	989.64	939.17	947.3725	986.535	1071.1775	986.1375	912.13	811.9575	791.0025
751.2825	685.5025	649.6875	556.08	555.8875	577.9075	720.6425	1037.465	1070.5125	1043.9625	1060.66	1037.0325	1038.96	1091.075	1027.8175	946.9425	910.125	937.485	1002.415	1156.785	1128.985	1009.805	836.63	810.23
752.9425	674.9675	632.9725	538.4175	530.105	572.04	735.075	1043.13	1055.0425	978.46	1030.9875	1002.9925	1022.675	1091.6625	1015.9175	953.0325	936.05	941.8825	1015.72	1155.615	1115.2075	1009.585	841.2475	788.405
727.95	672.1675	608.2925	536.995	543.38	582.3075	770.265	1104.815	1077.685	1018.35	1014.5375	1002.8325	1029.0725	1072.825	1003.92	932.8075	911.3375	940.075	1019.6475	1140.0875	1088.6	983.33	834.06	794.9775
745.48	685.5675	566.045	533.5525	542.18	582.2575	775.6725	975.8375	1044.3075	1024.9075	1057.5925	1040.8975	1025.3275	1094.0075	1023.015	967.82	944.67	947.0975	1037.1675	1050.29	1049.7625	951.67	896.975	870.22
765.5875	691.32	634.535	554.4275	560.8525	530.7925	632.125	959.7225	1072.7325	1134.5075	1074.9475	1028.4025	1026.815	1094.9575	1053.4575	991.905	951.6775	963.5325	1031.445	1036.6125	1041.8625	913.78	887.025	861.0925
764.1	703.5425	668.3875	590.655	548.91	508.6425	510.3125	758.96	970.5025	1149.6275	1135.895	1091.8025	1061.0225	1098.1075	1075.585	1003.9975	959.4625	998.6775	1044.22	985.23	965.4025	876.1475	827.255	850.7375
760.5725	701.2575	612.725	534.5575	522.62	498.385	468.08	699.55	932.41	1181.0425	1263.4625	1166.6275	975.695	917.7575	952.9625	932.22	901.175	897.93	924.6225	897.8075	918.995	849.38	832.22	853.175
718.62	583.5425	544.24	562.6025	590.9475	492.48	471.6925	673.2	970.75	1229.2375	1260.6875	1160.555	1060.5125	1042.955	987.0775	922.525	895.57	896.3525	966.405	952.0625	963.1875	868.1425	822.4775	837.8375
729.2075	600.5375	540.38	543.5775	545.0475	618.305	597.7	900.7575	1059.255	1131.67	1072.8875	1044.0575	1036.975	1090.9725	1022.515	938.335	926.36	929.0075	1003.805	1057.12	1114.6025	993.54	916.4525	860.8625
750.12	679.2	655.715	617.6675	559.095	528.3125	645.035	1077.0525	1057.8025	1102.24	1048.5825	1011.6775	1026.9575	1064.0625	1007.4375	954.1075	940.1675	942.8	1047.3325	1089.4275	1112.9225	1000.7075	921.7525	869.8325
713.14	623.6475	556.9625	489.76	479.215	469.545	613.445	989.1725	997.765	998.84	1013.11	1023.69	1012.07	1063.5975	1002.6725	939.935	925.355	931.055	1029.0575	1085.2675	1095.4075	999.0375	913.7525	878.1
753.835	681.525	613.295	548.75	550.8175	543.3425	690.28	1079.3525	1099.3	1089.7	1036.24	1023.485	1025.0375	1075.4725	1040.635	951.09	951.515	963.5625	1063.955	1098.765	1099.445	975.2225	912.21	887.025
779.2925	732.5725	673.47	629.5025	580.04	532.5925	568.2125	895.5275	1071.1575	1203.8175	1202.9875	1171.805	1140.7525	1171.4525	1153.385	1067.6575	1042.475	1059.14	1102.055	1088.1825	1063.5075	921.9225	886.12	866.04
785.325	722.5325	667.03	637.0175	551.3725	512.0375	491.48	682.9875	972.93	1219.75	1249	1189.8	1161.6425	1145.7625	1085	998.6775	946.7675	951.9025	1019.68	1041.635	1034.5375	914.91	865.9275	850.375
726.2375	658.2775	628.19	583.8625	540.6375	522.695	661.9775	1077.345	1082.805	1097.405	1076.3275	1036.7125	1046.88	1075.8125	1005.01	950.4175	932.17	961.03	1060.2475	1092.2875	1139.6125	1004.42	917.325	862.6475
753.9025	682.4725	647.1275	569.1275	544.4825	529.4075	681.1325	1112.9975	1093.24	1071.835	1052.1375	1015.8175	1026.6075	1098.375	1048.935	956.845	931.1625	948.91	1055.415	1115.0475	1139.5875	997.74	924.09	867.0275
742.1625	685.4375	608.4525	543.2925	551.9825	545.0275	718.025	1120.2525	1110.845	1097.7325	1058.355	1039.7875	1016.02	1079.52	1032.23	975.3	926.54	971.45	1075.5225	1126.03	1136.6325	1008.28	919.1675	862.615
760.48	682.0175	640.095	553.29	551.205	549.7525	719.395	1117.4175	1117.6375	1105.21	1060.65	1036.17	1040.7475	1095.2025	1065.14	955.4225	942.8125	974.78	1067.1225	1097.5025	1109.2375	990.12	905.35	879.4575
765.0375	686.955	605.345	545.205	556.165	531.055	701.285	1053.0475	1042.5	1056.4975	1018	1019.4625	1046.77	1081.985	1034.3025	956.7925	937.975	974.6725	1034.2725	1069.7875	1086.4375	960.6425	901.005	871.375
769.1725	693.785	594.245	546.9725	541.9675	518.7875	636.2725	906.5125	1059.1875	1221.9325	1178.555	1130.245	1152.6775	1185.3525	1135.515	1053.7025	1019.745	1035.52	1093.025	1030.9675	988.915	861.41	830.62	849.17
791.1575	699.8525	658.3575	612.945	538.9	506.385	517.3975	727.99	1024.12	1279.025	1283.7375	1199.5275	1146.365	1146.9925	1086.62	994.4225	937.4025	949.5825	986.095	1012.87	1034.98	929.2775	869.9025	850.9675
730.385	668.5825	620.42	537.545	522.1525	524.465	696.545	1087.455	1098.385	1100.085	1054.6625	982.7	1040.15	1071.86	1009.525	941.125	913.8725	938.42	1026.9625	1063.7975	1100.985	1005.3525	914.5775	881.04
739.0475	665.24	613.3275	519.3	540.4525	534.65	717.73	1070.1425	1104.7775	1086.1675	1053.1325	1005.42	1012.26	1070.4975	1024.99	955.985	941.3475	955.595	1057.4525	1115.7225	1153.6575	1016.995	933.3475	881.3375
749.6975	678.915	618.36	549.075	558.2	539.1875	722.52	1117.985	1105.61	1087.1175	1059.73	1025.8225	1024.6325	1069.305	1025.625	965.25	956.455	978.325	1082.55	1139.495	1128.085	978.9025	916.65	870.215
756.62	673.275	647.5825	571.635	557.42	527.7425	651.64	959.0725	1087.1625	1132.8625	1096.5	1080.34	1038.3575	1075.73	1000.595	949.5825	941.8475	944.7575	1048.9425	1071	1052.23	942.97	878.97	867.535
773.2925	675.015	639.58	544.69	546.7775	545.0525	658	982.775	1073.2725	1132.4525	1079.2825	1033.07	1044.26	1073.5225	1036.39	985.4175	957.65	1000.18	1071.535	1079.2975	1078.9075	941.075	899.605	900.1025
788.4975	721.56	660.365	644.735	578.065	510.9225	505.1025	723.3375	1019.1325	1254.77	1276.3375	1196.205	1140.9825	1130.28	1069.7375	986.69	972.7175	983.215	1033.935	991.035	976.945	848.1775	809.0075	827.185
768.965	698.685	649.29	628.095	544.365	512.0425	506.675	682.85	973.5125	1240.725	1246.43	1169.8375	1120.5825	1135.1875	1061.345	973.095	945.3025	934.6825	985.7525	988.9825	997.5975	885.2425	838.3675	818.7825
731.845	658.14	625.28	530.715	523.26	533.255	711.5175	1044.1375	1029.2	1027.46	1001.4525	969.06	987.3125	1032.06	952.77	925.175	878.5625	912.99	999.1375	1032.07	1082.7975	977.7125	881.0425	841.4125
731.6	620	537.35	526.8875	533.7475	602.9	693.515	989.735	1031.455	1030.06	984.285	952.7475	981.15	1042.255	976.1475	942.2475	905.21	922.9725	1018.795	1055.6175	1096.6925	1013.92	912.5775	863.77
742.3175	653.92	553.145	538.29	541.32	540.745	760.8225	1120.2625	1089.3925	1094.7025	1056.7025	1020.685	1024.94	1071.81	994.44	947.58	933.2275	938.21	1028.2	1053.17	1076.6925	991.3675	904.285	879.0725
764.5775	675.055	564.635	545.7225	541.83	541.01	746.98	1063.995	1068.88	1067.965	1043.3	981.435	1004.92	1060.5075	1009.7475	951.21	941.975	953.115	1055.94	1060.285	1063.2675	975.1725	926.25	881.49
812.0675	727.0475	587.9825	573.61	574.49	551.02	679.625	761.55	966.835	1151.8325	1139.0725	1168.485	1131.0525	1117.85	1034.49	984.745	970.915	954.2525	1002.8625	981.5225	956.925	906.41	875.195	894.2675
857.48	786.3	719.9825	707.34	706.7025	723.1475	761.9225	849.295	1076.5825	1261.0325	1220.93	1166.025	1152.8475	1178.855	1132.595	1052.1525	1027.03	1047.34	1107.63	1062.2575	1045.03	911.035	896.7025	890.095
832.195	747.16	685.8475	594.21	596.85	570.845	547.3225	796.4925	1024.9525	1274.585	1290.8425	1202.585	1155.775	1158.12	1100.8525	1033.3975	1001.5225	981.6375	1037.2575	1048.2825	1060.545	960.7225	929.57	915.0075
810.4175	718.9525	643.8275	594.535	593.6925	599.1825	756.73	1106.52	1110.3625	1103.8075	1093.2425	1053.705	1077.025	1131.0875	1042.69	977.2275	960.8225	986.1	1068.0425	1101.5575	1134.395	1026.205	970.44	952.8275
845.015	740.7425	701.6475	617.43	613.225	609.245	725.575	1033.72	1075.015	1122.1575	1087.175	1067.025	1069.4425	1109.375	1050.0725	992.775	980.465	1020.3175	1108.725	1078.8	1076.295	939.7325	941.29	965.5575
873.8825	773.6425	739.1425	699.0475	640.1875	610.8175	689.91	1067.255	1030.005	1104.215	1064.895	1064.1575	1070.8725	1112.4475	1041.34	963.4775	945.0675	977.7575	1080.7525	1152.8425	1184.4825	1085.5325	956.3975	932.4
805.8325	713.8775	666.8075	585.4	599.4175	572.57	765.9225	1137.845	1150.895	1109.815	1019.3675	965.6975	988.425	1114.685	1058.17	1002.09	975.5325	1024.2075	1122.735	1133.1275	1139.0825	1025.7975	944.915	909.8575
782.27	687.4725	653.8625	627.44	557.8925	575.4275	707.0125	1123.48	1120.21	1115.9975	1077.955	1076.6725	1065.2475	1113.54	1058.1175	995.0725	986.5	1020.3625	1106.905	1140.18	1100.315	961.695	923.5875	888.1925
792.6775	706.2875	664.1975	664.5525	586.435	554.4675	609.9325	939.17	1143.0775	1251.6025	1218.265	1170.005	1158.2725	1178.685	1139.4225	1090.23	1070.6475	1116.4025	1177.245	1150.99	1105.8375	942.8075	922.1175	920.8475
835.98	744.17	686.5025	668.6625	584.33	543.95	561.0325	804.23	1075.8175	1287.56	1259.31	1196.4575	1129.5225	1120.2675	1060.5775	975.7725	968.4625	998.75	1072.5125	1089.425	1080.955	975.57	934.5075	909.2175
780.475	694.0525	659.6575	651.785	593.6925	594.0725	727.1825	1116.6375	1133.395	1136.04	1109.4875	1079.445	1082.7575	1131.9475	1072.805	977.0625	968.1475	1022.635	1107.8225	1148.0575	1187.9625	1062.86	972.3	911.7275
798.4925	702.5825	676.7	671.365	623.27	592.9525	730.605	1129.9925	1145.4475	1114.17	1064.555	1054.64	1069.445	1075.1675	1036.7125	985.335	960.985	993.235	1108.6225	1152.9775	1194.8975	1064.1675	945.6675	894.555
795.3475	697.72	681.0575	666.2825	599.7225	602.3775	741.71	1187.25	1124.9975	1107.1625	1058.075	1044.93	1052.7825	1088.9025	1035.7175	1001.8025	969.7575	1016.3775	1100.51	1123.56	1153.7375	981.295	938.5875	952.8
833.0975	758.095	714.9625	652.8725	605.5375	593.0675	719.635	1087.5525	1142.6	1081.92	984.715	970.1375	1067.59	1119.3525	1063.5625	994.525	985.215	1024.71	1110.1575	1132.425	1122.3475	1011.37	947.98	926.5125
817.66	722.0725	681.1675	660.08	600.23	580.625	704.6175	1059.055	1056.4725	1060.725	1014.795	988.3375	995.505	1039.3175	982.9125	949.0675	930.9075	933.0875	1039.5775	1044.24	1053.72	950.75	890.835	876.605
789.9975	672.925	575.345	571.1075	556.835	599.8025	647.595	826.1475	1040.5	1176.3275	1146.8525	1104.8125	1086.005	1138.705	1111.8575	1052.985	1034.095	1057.155	1127.355	1063.645	1044.49	900.7325	881.5025	881.105
844.6675	727.6075	680.84	652.7875	561.6625	538.3475	542.5775	788.3825	1068.55	1294.59	1292.435	1204.53	1154.435	1142.955	1071.325	1005.8475	970.0275	1009.4525	1084.165	1082.575	1087.305	996.155	938.625	904.0675
769.0175	708.0325	670.47	644.7775	580.1075	596.3025	736.65	1129.815	1135.965	1133.085	1091.3625	1072.49	1075.1775	1112.5425	1047.835	967.4525	971.115	1003.46	1129.0975	1163.0725	1200.3225	1084.03	986.1225	929.2625
797.0925	703.205	675.0225	676.4575	600.3175	586.975	739.3675	1152.465	1129.8875	1118.31	1067.5725	1049.31	1047.4625	1099.2775	1053.9475	977.6475	962.755	997.775	1093.905	1152.315	1194.57	1064.0875	964.2925	919.4725
795.4	724.8825	676.4525	680.8625	601.5425	585.385	719.99	1139.555	1080.9475	1077.29	1034.4725	1013.0325	1006.765	1061.725	1007.405	930.8025	920.32	975.8925	1071.2875	1086.26	1133.9825	1024.6525	940.52	901.32
784.8225	702.905	616.2025	570.515	571.8575	580.7	786.69	1125.1975	1111.07	1087.575	1050.0225	1048.025	1042.005	1076.1325	1019.615	919.35	927.98	970.5125	1043.9125	1057.785	1067.5325	993.705	894.4275	852.7325
757.9225	627.485	582.28	555.5775	556.94	603.6075	764.855	1005.7475	1042.3225	1041.8225	1008.555	1006.1675	996.17	1051.1175	1009.5175	956.235	940.5275	940.4925	1037.9725	1042.005	1070.3575	954.4825	883.49	868.2175
771.0725	606.0275	579.425	558.925	581.1225	618.3625	581.96	840.585	1016.975	1157.65	1130.55	1072.495	1077.2825	1110.92	1066.0725	993.66	973.4625	1018.2525	1050.8775	1028.1775	1010.8775	906.39	861.6075	867.0625
801.79	727.4625	628.265	573.1525	554.4475	539.2125	546.4675	750.18	968.12	1247.4175	1282.9475	1206.87	1143.205	1146.405	1061.5175	990.3275	964.8925	957.3025	1008.9425	1009.3625	1020.57	950.7075	923.45	885.8625
773.365	681.335	660.2725	580.02	561.76	589.205	708.9875	1095.335	1096.3925	1130.1625	1062.925	1042.6975	1057.755	1078.6875	1047.42	960.9325	937.955	951.56	1054.7425	1079.04	1132.22	1035.585	936.8175	894.555
782.865	690.17	653.7325	568.745	574.38	582.42	709.5975	1037.86	1036.4925	1066.13	1046.2325	991.715	1009.7675	1039.8025	986.035	923.7325	919.285	940.645	1011.655	1054.4	1127.5275	1018.025	930.115	885.8725
784.6525	681.1975	583.3025	565.875	582.6525	603.6325	791.0675	1106.57	1064.4325	1061.5775	1038.5	1025.8075	1030.2	1019.345	1012.555	963.72	941.2725	952.2525	1067.1525	1095.3925	1134.35	1043.6225	952.23	908.3175
784.7925	692.73	584.9175	580.4875	581.7225	578.6325	816.5675	1138.1475	1115.695	1117.255	1067.4075	1044.525	1050.79	1097.16	1049.01	983.735	947.355	973.935	1069.7725	1127.7625	1128.815	1036.3225	972.6325	924.7225
797.1125	713	636.635	580.95	585.3525	599.05	786.865	1122.84	1121.8475	1121.9575	1082.4775	1049.575	1063.69	1103.305	1063.43	1022.5725	975.1575	1011.8975	1113.6775	1134.3125	1119.7425	1018.57	947.9375	916.7325
831.6125	735.875	690.6125	599.0025	605.21	597.58	670.9825	974.18	1122.215	1250.66	1208.3475	1156.45	1156.8625	1168.26	1141.735	1065.4175	1051.4225	1078.765	1153.8325	1122.7175	1074.6575	935.0725	912.025	910.75
866.8175	752.4125	698.03	684.7475	609.33	579.1075	577.135	774.605	1045.3425	1251.495	1236.4225	1159.5	1131.58	1122.4075	1038.485	975.7575	951.2875	996.855	1053.92	1070.9575	1053.34	959.8875	932.9675	919.0275
818.41	730.8975	628.4825	589	585.8875	611.1025	758.79	970.67	1044.8525	1150.0575	1132.5275	1072.26	1104.4125	1103.365	1071.2125	1015.4625	993.5925	1018.42	1137.77	1144.2425	1133.51	1000.7475	934.635	938.0525
848.1425	746.82	667.5125	616.5425	609.745	584.27	651.0075	851.2075	1029.2325	1261.045	1237.08	1191.6225	1151.9675	1131.7	1042.99	997.67	997.9275	1046.6125	1152.8325	1163.6925	1157.0275	1060.695	1035.505	961.095
848.235	739.4925	702.275	680.7025	625.6875	634.285	776.5925	1193.0475	1166.88	1140.97	1090.1225	1094.3625	1111.31	1123.4675	1073.7775	1017.1475	1012.35	1046.4425	1159.9425	1208.015	1232.13	1128.7	1029.17	975.075
871.01	752.995	697.245	701.96	645.0675	622.41	763.06	1168.98	1157.735	1144.565	1098.2125	1094.2275	1104.9125	1117.1325	1041.4225	1022.0275	996.2825	1045.5275	1192.3925	1224.8925	1227.33	1117.53	1052.38	998.9125
871.1175	751.4025	706.395	713.395	704.365	644.4425	779.285	1186.7825	1162.0575	1158.0925	1139.5025	1110.1675	1114.2875	1129.7925	1074.6725	1043.565	1034.4	1095.4075	1185.435	1233.095	1243.54	1130.955	1055.53	1003.6475
906.4025	799.4725	738.2325	718.85	674.495	625.76	703.1775	1026.7025	1164.395	1296.3475	1261.8225	1225.5825	1194.3625	1219.77	1135.7425	1116.0975	1131.94	1199.71	1255.965	1233.5725	1198.8325	1030.3425	986.215	1024.2925
914.0975	817.2175	761.775	730.3175	668.5	620.03	646.27	871.825	1093.89	1273.7075	1296.595	1224.115	1168.0375	1145.3375	1068.79	991.325	1013.5175	1052.2875	1189.2975	1163.3675	1178.425	1092.33	1055.8225	1047.2
890.2875	765.885	744.38	721.2325	682.2675	653.4775	793.59	1129.9525	1161.775	1186.855	1179.995	1121.5625	1126.4225	1147.6525	1085.885	1021.4725	1029.96	1060.005	1181.4375	1184.4225	1250.1325	1166.1675	1072.1275	1050.3175
891.145	782.155	725.49	713.1425	684.5775	669.1425	771.3975	1130.0525	1162.2225	1162.85	1121.5825	1098.2425	1120.65	1129.0825	1053.4425	1027.78	999.725	1039.565	1182.07	1221.9225	1194.6425	1100.9825	1028.785	1019.125
874.4325	770.4975	732.87	725.925	685.035	657.81	775.205	1176.45	1148.5925	1145.6025	1126.1975	1100.8925	1095.3675	1127.9225	1076.345	1009.3275	1009.755	1055.9325	1180.0875	1196.025	1189.8725	1074.44	1007.0725	1004.5625
909.0625	772.21	732.6325	716.29	646.8775	653.41	824.145	1161.285	1163.4925	1173.675	1124.365	1108.4825	1110.835	1128.835	1050.13	1000.8	1012.86	1072.1325	1196.92	1220.4725	1232.88	1121.4875	1072.395	1061.08
909.4075	814.0925	741.07	730.145	712.81	672.1975	879.75	1236.8375	1276.85	1214.8025	1149.03	1121.3425	1054.2675	1051.6425	1084.115	1068.15	1056.7625	1113.16	1205.215	1208.9	1175.385	1058.7275	1007.05	1025.985
911.8225	787.2075	745.27	750.485	703.09	636.7425	675.4075	949.6075	1134.77	1255.48	1223.36	1188.7325	1173.3475	1175.0325	1102.4525	1072.51	1071.385	1140.505	1218.3975	1205.6025	1153.345	1015.3325	981.45	1019.62
922.3225	806.1025	756.065	740.4475	724.7775	623.4325	609.07	788.8475	1016.68	1198.3075	1224.605	1181.865	1188.8575	1142.135	1054.645	962.6375	984.3425	998.775	1048.7	1009.6275	1027.2325	969.16	930.005	922.1625
837.7725	752.5225	696.3525	698.8375	665.625	646.29	763.2	1101.5025	1133.6175	1175.98	1099.0075	1087.7275	1110.4825	1135.275	1057.1275	1004.145	981.54	1008.48	1112.8375	1147.33	1165.2625	1079.0675	1010.6975	962.5425
835.7675	747.63	706.6125	699.6275	716.25	648.4275	760.255	1106.0875	1149.8375	1140.7475	1106.7975	1089.3475	1090.97	1135.9425	1062.2675	1011.58	1000.7125	1051.8675	1080.425	1072.0325	1103.1275	1009.5575	924.4475	873.21
766.085	696.1275	678.275	646.2575	588.3825	607.9275	783.3625	1069.4125	1071.3475	1054.3675	1030.68	1001.74	1023.1275	1096.3775	1020.3075	1048.5175	1047.67	988.95	1046.8575	1070.7825	1089.7325	1017.6975	953.0775	971.84
860.285	766.65	675.6075	634.0575	620.43	660.645	817.31	1061.43	1094.675	1130.6075	1098.045	1085.1925	1095.5725	1105.66	1020.9775	1002.5775	974.42	1012.3275	1096.015	1136.42	1127.125	1044.715	982.5725	996.6
877.7575	770.3975	729.225	653.59	649.2275	633.0325	813.395	1093	1097.5725	1119.6025	1081.135	1061.7725	1064.7525	1091.6975	1044.915	996.4625	999.1	1019.4775	1142.485	1104.465	1107.175	995.6325	967.0325	946.8625
835.7775	759.915	703.9	625.115	616.7425	621.1875	737.5675	899.565	1043.73	1222.255	1193.635	1137.735	1141.9925	1154.98	1088.8525	995.275	1004.365	1036.3025	1082.2275	1035.1325	999.6925	920.9075	904.1025	914.7825
846.25	752.7825	720.81	683.2	601.91	585.0725	576.0675	824.1525	998.3975	1211.1575	1194.9	1141.725	1126.885	1103.6475	1030.355	966.235	980.7775	975.3525	1047.135	1040.725	1062.0625	971.2775	947.8075	938.9325
839.52	729.86	686.365	603.325	618.2325	636.64	818.215	1069.26	1130.2825	1134.215	1079.6575	1058.0075	1079.71	1108.3175	1034.2425	996.2475	957.5725	979.0725	1074.9775	1105.48	1113.5975	1033.2225	957.2175	950.795
817.46	742.0725	686.705	625.09	610.055	665.1125	828.655	1062.0275	1091.2625	1118.275	1102.07	1065.2725	1085.22	1107.9225	1040.8475	980.825	977.1575	1006.75	1143.5525	1132.8875	1166.5475	1035.1175	982.19	944.1925
825.895	736.8125	719.5675	620.9425	564.9725	591.565	815.245	1083.395	1099.8175	1118.6725	1065.305	1040.7025	1046.145	1108.12	1026.955	954.73	914.435	971.85	1056.64	1088.2175	1114.6525	1029.4975	979.79	954.0525
852.745	750.13	652.27	606.3875	616.185	667.26	825.72	1024.105	1101.925	1125.025	1075.62	1071.415	1099.4775	1105.18	1026.4	995.2875	966.945	986.965	1098.3225	1122.3275	1142.32	1026.9125	984.7775	968.695
858.1125	745.745	703.785	619.23	635.6325	637.62	825.94	1078.32	1121.0325	1124.86	1080.1075	1067.46	1098.625	1104.36	1042.1375	1006.055	994.67	1024.67	1155.09	1163.5425	1139.9375	1035.8325	993.46	1001.6775
885.105	773.285	748.8125	676.4125	625.7875	626.2125	727	961.965	1102.28	1217.5425	1194.4375	1155.1975	1149.1	1154.96	1076.4275	1050.1025	1041.7475	1082.7975	1172.0675	1127.135	1075.995	947.27	911.1025	929.0025
887.3825	779.235	747.59	724.25	667.2025	602.4175	602.365	848.94	1045.4425	1221.895	1197.395	1148.29	1143.4875	1115.59	1027.9575	961.0025	977.0475	1018.83	1093.41	1087.965	1101.495	1037.3375	1005.91	988.39
881.6375	771.845	686.545	631.6375	643.1625	681.1575	871.1225	1085.0375	1132.205	1170.6575	1124.3725	1084.545	1098.17	1136.9175	1041.125	1001.585	990.3375	1032.2	1133.3775	1168.1075	1196.15	1084.2525	1018.18	1011.285
882.3625	782.97	734.445	664.4125	641.17	652.02	845.4875	1121.5075	1139.1275	1052.315	1077.6225	1074.295	1100.1725	1119.8125	1049.14	1003.6975	1003.31	1053.41	1101.865	1199.8875	1214.6825	1133.56	1048.3225	1031.5675
911.2975	785.0725	720.89	734.2175	676.125	718.625	952.645	1164.9075	1167.815	1109.89	1195.999375	1171.873125	1163.595	1172.090625	1112.12125	1104.694375	1099.765	1017.945	1139.8025	1188.0225	1218.695	1101.4225	1063.02	1063.435
939.985	847.8725	783.5575	705.1375	733.1775	759.1125	912.3175	1041.84	1112.235	1117.9025	1090.6475	1086.0475	1079.525	1094.65	1066.775	1008.585	1006.23	1011.13	1145.4725	1141.8625	1179.22	1096.3875	1051.655	1064.01
966.1625	884.825	842.9325	832.285	843.255	832.655	774.125	1036.4675	1120.4575	1161.0725	1123.07	1103.7325	1123.675	1148.6575	1087.0175	1060.105	1059.3175	1094.605	1214.135	1195.86	1196.5	1083.455	1037.075	1024.7025
947.165	875.3	840.255	821.1775	784.1625	651.1675	799.7825	1038.0825	1122.4225	1235.06	1210.6925	1175.5175	1176.1325	1192.1175	1107.1275	1066.22	1068.4625	1120.94	1169.2175	1157.0525	1153.645	1070.315	1024.0675	1061.875
991.985	906.875	873.3225	841.5825	793.0775	698.7075	758.21	1039.655	1146.9525	1273.2375	1236.68	1180.885	1159.94	1128.405	1030.425	990.6225	1019.2475	1080.0825	1148.6075	1139.5975	1175.94	1093.8825	1055.0125	1067.34
977.44	867.74	771.1875	741.1575	760.58	759.04	828.525	1130.2875	1192.015	1178.3425	1157.99	1138.945	1128.7	1140.32	1084.44	1032.175	1052.095	1095.5725	1190.025	1202.3275	1261.1925	1198.195	1143.87	1138.5225
1046.635	910.635	876.385	875.2575	879.48	816.015	842.36	1166.6975	1195.725	1188.72	1164.2625	1136.3725	1134.435	1156.195	1087.52	1111.7125	1112.7275	1103.5175	1184.165	1207.725	1263.61	1178.77	1113.9925	1149.0125
1034.9325	929.73	877.3525	874.585	884.975	786.235	860.285	1207.46	1195.2475	1190.685	1169.575	1147.65	1155.99	1172.1575	1123.1675	1054.5075	1062.5275	1087.3275	1185.7275	1181.435	1213.035	1149.4875	1075.685	1089.6675
990.595	922.1575	884.7	862.2725	881.915	765.4175	880.72	1171.4775	1218.69	1160.875	1131.3725	1136.2875	1130.9975	1160.2175	1103.31	1045.935	1052.8875	1081.085	1169.6325	1177.9075	1188.43	1127.5925	1075.2025	1052.1825
954.3075	862.6925	818.2925	790.2075	807.1675	685.12	910.4025	1232.8725	1212.99	1173.0375	1168.85	1162.3425	1164.7375	1131.885	1098.3525	1054.095	1061.73	1083.32	1170.6425	1177.2475	1183.365	1101.09	1046.095	1052.4175
968.1375	899.9075	844.485	768.05	728.6125	709.3875	867.8	1089.9125	1206.215	1232.5075	1215.9675	1182.475	1180.715	1179.39	1121.3225	1078.845	1086.3925	1139.785	1215.6375	1190.3625	1186.055	1089.7225	1070.1525	1122.8425
1016.44	948.2075	900.5675	874.24	855.9525	710.3775	803.2475	1015.295	1164.26	1243.465	1250.195	1195.695	1180.575	1167.83	1100.7675	1020.8725	1037.3725	1064.8075	1177.45	1160.4775	1180.915	1090.6725	1074.2825	1074.0975
970.44	886.535	846.7475	838.9225	834.16	808.4775	910.175	1224.6125	1234.4675	1197.7375	1173.2075	1165.695	1160.4975	1173.2325	1121.9825	1093.74	1079.15	1092.4325	1214.2925	1214.9475	1239.55	1179.4325	1138.5875	1110.8725
1004.535	907.0525	861.43	859.5275	857.4975	793.6575	894.9425	1233.725	1202.4825	1200.235	1177.235	1154.8475	1154.88	1170.16	1111.1825	1067.81	1073.1175	1098.7725	1190.5975	1207.1625	1261.3075	1197.91	1119.7075	1127.7125
1033.49	915.0825	864.18	858.0625	872.745	771.32	872.7225	1199.295	1201.58	1227.8775	1193.2375	1186.805	1178.05	1172.4175	1095.6725	1078.7725	1086.915	1108.015	1212.8675	1249.575	1272.6975	1184.58	1119.625	1152.72
1038.9825	937.56	894.8475	893.555	894.4175	796.0225	889.5075	1203.1225	1213.39	1208.995	1192.8425	1172.4875	1164.8725	1175.045	1107.1725	1066.0875	1068.7275	1116.685	1215.42	1231.3025	1276.745	1205.92	1142.81	1168.1925
1059.4225	950.8875	887.7325	889.8775	907.0675	850.495	852.0825	1183.785	1207.37	1207.225	1193.13	1176.4125	1169.2	1172.2625	1126.7075	1092.8175	1101.5025	1134.9025	1224.53	1233.6675	1284.15	1197.92	1139.17	1163.5075
1101.55	1000.4025	927.88	897.3175	919.535	854.255	790.495	1046.125	1200.8925	1282.5625	1256.955	1216.4575	1213.3975	1208.005	1148.2775	1106.425	1130.905	1185.0475	1236.7775	1226.6125	1222.9	1154.94	1104.0825	1129.3525
1094.18	991.355	951.585	922.3475	921.6125	811.89	735.7075	994.595	1140.2825	1280.61	1273.76	1243.0875	1205.8925	1193.4375	1101.9025	1060.675	1065.1525	1124.7275	1189.165	1201.3325	1240.8025	1169.0575	1134.9875	1123.915
1044.595	913.3175	889.7575	893.05	908.925	874.0875	917.0975	1192.495	1218.425	1252.275	1207.39	1191.2875	1193.7	1185.4325	1151.18	1124.8625	1101.6675	1128.0625	1219.905	1267.04	1348.8475	1282.2675	1174.0925	1131.6225
1042.2125	964.0525	887.125	888.35	942.405	927.1325	955.2725	1262.6075	1283.065	1255.44	1214.9775	1188.46	1197.5025	1201.5075	1171.43	1108.7	1115.4975	1169.0175	1243.385	1333.245	1414.57	1329.3925	1222.745	1185.825
1070.1725	939.925	869.6725	799.3625	813.82	887.8225	1030.605	1321.38	1355.42	1268.7625	1227.0925	1183.52	1160.65	1163.1375	1119.12	1201.0475	1147.9475	1138.075	1217.015	1297.97	1377.7325	1290.1825	1155.05	1118.7825
1016.0575	911.635	860.0825	857.555	881.53	900.3175	993.5625	1289.9875	1300.1525	1213.63	1182.22	1168.3725	1163.215	1165.23	1100.48	1069.9125	1091.3625	1121.6375	1211.2025	1306.765	1373.77	1275.5075	1162.07	1134.1275
1041.2075	925.5875	877.375	892.1775	944.3625	931.9875	1006.205	1270.8725	1277.9325	1223.575	1180.9	1157.6875	1161.94	1173.0925	1106.54	1092.295	1100.6375	1115.2525	1217.4325	1308.305	1333.3575	1233.12	1109.9875	1109.5875
1020.5875	936.035	900.8875	900.7225	938.4	907.64	899.55	1151.6275	1261.34	1283.245	1245.455	1207.5025	1188.015	1197.7475	1114.015	1090.7125	1135.2575	1162.405	1227.5625	1271.58	1262.27	1166.725	1076.715	1110.645
1019.6425	933.165	895.62	918.4675	931.625	784.705	863.92	1075.4525	1217.24	1275.5625	1274.295	1220.6025	1193.0075	1172.23	1106.4775	1034.1325	1077.3875	1089.25	1218.1475	1270.8575	1276.4775	1190.3125	1103.0975	1102.0425
998.33	914.245	881.5875	878.8475	920.4925	853.1325	1004.38	1259.25	1281.785	1228.495	1177.8875	1159.6775	1152.8125	1162.35	1101.845	1080.47	1085.0775	1111.175	1207.175	1319.425	1373.665	1301.2275	1144.7425	1120.365
1021.375	944.4325	888.655	876.1475	921.5825	938.0575	1065.8275	1280.01	1297.8875	1251.85	1177.7775	1169.145	1173.18	1166.675	1106.6125	1097.275	1093.6175	1115.15	1203.7075	1318.81	1358.7325	1274.2025	1144.32	1161.2675
1084.005	962.435	912.295	897.3875	889.65	889.3225	1035.6675	1295.4025	1293.405	1235.9	1194.0925	1169.5175	1159.69	1180.65	1110.525	1084.45	1101.67	1125.465	1200.0975	1316.11	1380.915	1246.8425	1125.0925	1048.475
1101.805	964.78	902.6975	897.25	900.26	888.7025	1018.5175	1224.78	1274.3475	1198.8225	1184.425	1162.5775	1159.9175	1177.415	1175.955	1111.9375	1100.86	1114.195	1179.7225	1241.4325	1277.3025	1225.6275	1115.5425	1017.7725
1062.205	930.08	888.28	869.055	890.0725	828.2175	940.035	1222.455	1243.215	1210.1375	1166.725	1131.3375	1153.4875	1170.725	1117.51	1100.98	1104.7625	1124.0075	1195.3975	1287.07	1329.8125	1232.26	1107.445	1030.6925
1087.235	936.57	898.7	873.235	879.3	864.52	852.885	1139.4975	1252.9125	1289.485	1239.49	1205.6075	1200.485	1196.975	1130.26625	1094.914375	1104.174375	1147.10125	1203.099375	1268.41	1236.3675	1149.3425	1082.9575	1030.8
1092.955	1037.4	966.245	928.4125	964.5475	927.29	899.685	975.7925	1170.145	1230.6475	1215.4425	1208.1425	1197.915	1188.57	1121.9325	1078.795	1079.7325	1104.245	1143.59	1195.985	1222.3375	1180.0625	1099.5275	1010.565
997.795	911.655	882.7075	856.945	825.49	751.8275	992.59	1227.83	1249.4275	1214.92	1155.0025	1124.525	1138.2175	1139.7625	1091.9425	1064.71	1073.465	1080.0375	1155.715	1269.54	1346.7925	1249.8425	1116	1027.8525
1067.9975	939.525	883.02	880.78	888.365	874.2225	931.3525	1240.525	1283.02	1208.6575	1177.95	1162.89	1143.065	1154.6425	1112.3275	1066.0325	1068.9775	1098.86	1202.075	1299.9725	1361.615	1253.805	1135.255	1044.8575
1081.125	976.48	906.4575	895.57	903.6625	894.4025	1016.3025	1257.21	1294.515	1224.6575	1155.105	1123.35	1149.32	1156.7975	1092.045	1075.2075	1088.59	1105.06	1199.7575	1302.9475	1356.8375	1258.53	1127.65	1054.6875
1096.9875	990.615	908.915	899.6975	915.76	899.02	975.17	1251.17	1287.1025	1220.9875	1173.64	1156.57	1145.5775	1145.5925	1098.6725	1063.3425	1077.8525	1133.86	1239.665	1305.0825	1336.5525	1218.3275	1133.6025	1050.1925
1085.3075	999.8875	951.0075	929.3025	909.36	907.94	1066.9225	1262.27	1290.3225	1258.5	1222.5075	1201.6975	1197.455	1174.7125	1109.8725	1081.105	1102.225	1141.355	1213.375	1292.8125	1327.1825	1239.19	1113.405	1044.0175
1103.895	994.395	937.8725	912.5725	927.435	860.125	897.5575	1144.9225	1281.535	1282.6975	1259.655	1214.6975	1199.4275	1197.2975	1132.755	1088.6675	1093.475	1157.205	1247.0675	1296.51	1286.2625	1173.7125	1094.325	1035.47
1094.9075	1015.73	954.725	917.885	919.475	783.8425	883.59	1099.7925	1242.81	1278.5575	1260.08	1224.8725	1179.7725	1168.49	1073.6275	1054.835	1062.675	1086.275	1176.9375	1256.1475	1225.7325	1142.055	1044.5375	995.9825
1063.28	950.365	918.095	898.6	920.1775	864.8975	902.77	1190.0275	1266.24	1225.42	1178.33	1156.81	1158.6075	1154.9275	1094.395	1083.65	1071.1725	1076.1225	1115.215	1196.07	1190.46	1120.9275	1024.8225	955.1575
992.995	916.0325	877.6475	876.165	870.3	750.1375	965.7875	1181.13	1247.095	1223.0575	1179.295	1161.1475	1168.7125	1165.375	1121.8125	1082.2825	1081.3325	1102.7375	1186.36	1320.9225	1312.645	1152.94	978.5125	1001.9275
1095.7075	1001.78	958.7325	950.105	977.5675	936.0525	932.8325	1236.995	1270.16	1228.5675	1168.195	1161.655	1176.37	1173.5125	1104.8825	1090.575	1082.695	1120.925	1200.7425	1300.63	1307.455	1219.8675	1095.3325	1026.675
1073.76	967.7025	918.48	907.095	803.285	802.145	989.55	1212.1375	1223.81	1228.7425	1187.925	1179.9175	1175.8875	1160.49	1102.7875	1067.64	1086.23	1114.2875	1198.9925	1275.465	1312.5	1203.2225	1097.6025	1077.6875
1072.0075	987.635	936.8675	921.0825	922.365	780.4025	878.67	1178.1375	1222.1075	1251.2525	1210.8575	1174.66	1178.67	1173.185	1127.5025	1094.835	1116.3175	1146.385	1207.8325	1269.0375	1257.215	1140.0975	1056.2275	1054.6925
1160.845	1053.0025	965.055	965.7175	960.9525	823.555	993.1675	1170.5825	1249.7675	1282.2875	1266.0125	1218.7875	1194.615	1141.8425	1078.53	1054.955	1065.9425	1113.27	1154.345	1145.0625	1112.6475	1065.68	986.755	1000.85
990.815	947.0325	775.3775	658.9225	805.7025	812.17	737.41	945.2875	1093.75	1182.12	1188.695	1154.3425	1147.1225	1154.465	1107.325	1073.7575	1081.6025	1093.2125	1114.255	1175.0925	1173.705	1100.7425	1019.33	1019.705
966.4525	870.5175	744.325	816.545	862.4425	696.1675	917.535	1135.0175	1238.65	1223.455	1177.12	1154.0125	1153.465	1172.98	1120.5225	1090.9275	1112.97	1114.8175	1162.2125	1237.55	1268.5525	1177.095	1053.63	1051.55
1018.545	951.81	909.68	883.4275	705.075	750.435	878.36	1110.3975	1236.1025	1234.13	1183.5825	1157.89	1187.965	1183.725	1120.675	1085.2225	1096.375	1113.655	1167.1075	1266.6175	1298.05	1187.985	1088.8275	1064.69
1006.3575	940.23	891.725	880.5625	871.8725	707.575	917.2175	1155.6225	1162.99	1178.1875	1137.315	1130.4675	1135.2875	1174.7075	1116.185	1087.4425	1073.3575	1090.0375	1122.8325	1204.9025	1216.9025	1148.39	1041.715	1021.105
990.3725	929.9475	878.1125	798.1775	793.86	840.2	955.525	1078.91	1226.5325	1235.5275	1182.295	1145.26	1170	1196.17	1131.3775	1095.95	1098.0825	1111.0725	1155.595	1251.45	1265.1225	1179.8125	1074.395	1057.795
1024.6025	960.07	917.655	898.405	912.34	768.4925	847.965	1104.1325	1156.445	1217.045	1180.2725	1156.61	1164.8875	1197.1225	1130.09	1099.475	1099.405	1112.84	1175.415	1239.19	1249.4475	1159.2775	1057.6825	1045.2225
1071.58	984.5625	953.195	931.37	919.0125	712.1275	833.37	1050.8275	1185.37	1267.91	1249.145	1203.6175	1191.5725	1198.56	1144.3275	1109.2975	1111.2625	1145.99	1200.26	1236.2575	1227.12	1136.34	1063.9775	1081.0975
1087.165	1008.6975	953.9625	944.8075	907.735	713.695	810.52	1022.915	1193.4225	1273.8525	1264.84	1231.6525	1205.3325	1199.7525	1116.3075	1089.2675	1112.31	1111.075	1149.3975	1180.6375	1211.3175	1124.1975	1047.0825	1041.4125
990.1925	903.6425	881.8525	866.6675	873.945	716.615	879.6325	1109.7225	1191.35	1212.32	1183.35	1157.055	1167.805	1204.4025	1132.35	1097.0775	1086.27	1109.3425	1145.58	1235.505	1269.845	1203.4175	1087.205	1062.17
1013.98	936.6025	886.4825	868.615	815.0225	757.19	890.25	1182.555	1242.815	1244.4725	1214.5025	1180.6175	1209.5325	1204.4825	1164.905	1107.7225	1128.3625	1140.065	1200.495	1285.04	1332.3925	1237.4725	1136.5875	1109.855
1077.7975	925.2625	883.42	881.625	873.5375	811.7525	913.6325	1222.2125	1264.3125	1234.5375	1192.4575	1159.68	1183.075	1186.4775	1139.1175	1114.5775	1122.62	1135.5075	1200.9725	1292.8925	1341.7425	1218.1475	1117.1075	1081.185
1094.8625	950.3275	906.005	890.37	894.635	805.6075	921.9125	1223.675	1274.325	1261.7725	1188.22	1172.17	1194.54	1188.1475	1131.4925	1100.785	1122.8475	1149.8175	1219.615	1309.395	1370.8775	1243.25	1116.88	1103.34
1103.96	988.545	920.0625	905.5125	911.5225	855.775	934.2275	1193.62	1255.095	1253.4775	1207.635	1180.9075	1188.82	1178.53	1125.5125	1108.345	1138.9225	1152.385	1197.4725	1261.49	1281.9625	1180.9325	1099.955	1074.5675
1118.39	1028.105	949.08	911.72	928.1875	822.125	833.425	994.94	1193.085	1269.6425	1245.575	1217.4025	1206.4225	1221.815	1165.4525	1126.7375	1146.0175	1171.94	1210.725	1239.6725	1242.6375	1148.5525	1067.8475	1078.7425
1123.2125	1071.79	1004.72	955.995	943.81	929.2875	814.915	945.8725	1158.0425	1265.085	1264.7575	1226.7225	1199.1125	1185.615	1133.3925	1110.0675	1117.45	1141.5325	1177.7275	1243.175	1251.395	1166.4475	1101.6725	1104.3025
1127.1425	1014.4625	978.9275	932.895	929.38	828.7425	905.535	1202.75	1241.5125	1236.8725	1199.025	1180.2975	1193.6925	1204.65	1174.4325	1133.5225	1124.4825	1143.6525	1203.7775	1290.5775	1321.3475	1222.9225	1122.7575	1128.2425
1105.0575	1026.705	959.985	944.0025	946.925	864.03	972.91	1219.6	1240.0525	1219.7975	1197.175	1178.0375	1190.145	1202.43	1083.2425	1033.7775	1023.6575	1038.5425	1144.0225	1229.36	1258.745	1161.77	1049.225	1039.9975
1041.9825	961.81	896.56	892.925	891.6	829.2825	901.1475	1153.21	1175.1725	1157.895	1129.0325	1091.0675	1114.91	1118.0975	1081.7925	1041.9875	1040.6425	1065.4875	1160.3875	1265.805	1288.09	1176.415	1065.8525	1046.5825
1041.2725	955.96	914.7575	886.3875	891.1675	833.67	874.64	1173.7675	1210.2775	1175.7925	1141.91	1096.795	1108.3725	1141.305	1085.915	1041.4975	1052.6025	1096.6025	1163.4575	1253.77	1280.5225	1176.015	1068.3525	1039.6475
1037.955	933.425	898.8425	882.47	884.8825	789.0875	847.23	1179.085	1202.5025	1193.8225	1146.79	1102.535	1125.74	1148.3	1099.9775	1068.615	1065.2875	1102.93	1146.5	1225.2	1242.035	1148.5075	1037.1875	1017.1775
1038.3075	966.1275	914.2625	891.995	895.92	751.9275	778.23	1008.305	1139.125	1228.2675	1211.78	1183.875	1178.7375	1197.995	1145.61	1105.8175	1099.9425	1111.0975	1167.4575	1188.2275	1165.505	1068.4125	1005.7275	979.9625
1001.0475	947.6875	889.425	864.7025	812.19	652.66	764.33	968.625	1120.49	1232.96	1232.11	1187.0775	1156.375	1143.9375	1085.2425	1056.0075	1039.99	1058.9825	1098.58	1167.0975	1207.7275	1099.815	1031.335	998.81
988.725	912.34	872.7675	858.4075	803.9375	702.4375	895.2025	1137.275	1174.5925	1177.495	1137.8625	1086.945	1119.77	1131.9675	1089.885	1053.16	1042.05	1054.4225	1107.605	1222.5425	1275.92	1175.4275	1048.7425	1030.2225
1029.78	934.955	890.3925	879.1475	882.475	759.445	825.2875	1166.5825	1189.4975	1179.3125	1128.87	1102.0825	1122.3625	1142.3075	1107.5825	1070.0725	1041.155	1044.3875	1130.2075	1257.1725	1287.435	1175.715	1051.8625	1022.2325
1042.0225	942.445	903.855	905.0275	900.215	779.195	829.5375	1187.7	1189.4725	1173.2075	1138.7975	1112.3775	1100.0475	1119.3575	1076.4775	1042.935	1027.195	1039.28	1121.8125	1258.7025	1280.32	1175.3475	1041.515	1024.1925
1027.135	934.63	890.3325	883.5725	877.6125	780.515	820.1275	1136.7325	1190.09	1171.6625	1122.5875	1103.7575	1114.0625	1151.5275	1101.165	1078.1875	1057.8	1074.085	1154.24	1271.39	1277.5275	1170.48	1071.1625	1042.385
1044.66	952.8	913.9225	894.8	892.37	797.8325	890.54	1214.67	1258.785	1200.6775	1150.1775	1121.015	1133.965	1156.1575	1117.42	1075.6175	1066.805	1083.115	1164.935	1257.955	1256.3875	1133.1375	1041.385	1014.21
1044.305	929.365	878.665	861.1275	855.9375	752.565	763.855	1026.8775	1216.085	1284.625	1253.9925	1190.705	1182.6225	1210.115	1183.6625	1167.3225	1149.9325	1160.39	1187.885	1241.05	1208.1	1082.3675	996.1825	1007.725
1049.405	978.5775	934.2	899.7175	892.77	733.925	718.71	924.6375	1120.365	1264.54	1269.4425	1208.3225	1169.8425	1167.0125	1092.4225	1047.7175	1024.11	1037.79	1064.6875	1139.5325	1178.645	1095.6475	1020.89	999.2675
979.1775	918.27	886.15	860.6575	787.675	700.49	876.355	1085.3	1169.8875	1156.155	1103.4025	1098.0275	1104.8975	1129.3875	1091.685	1031.6525	1047.1325	1028.1775	1109.5	1217.4375	1297.335	1140.6125	1062.51	1029.7525
1023.23	929.5825	885.8325	875.0825	874.0925	721.37	781.1125	1144.8275	1134.2325	1125.5275	1092.6975	1065.0475	1078.2575	1109.7625	1069.5325	1012.5675	1011.145	1013.75	1085.5375	1229.86	1264.0675	1162.9675	1028.7375	1008.9775
1017.73	934.455	906.3175	897.6425	893.04	781.49	850.3	1235.58	1169.7875	1170.825	1120.2925	1105.43	1125.345	1129.185	1109.3225	1085.8525	1062.57	1074.26	1161.215	1284.4875	1300.6775	1200.44	1076.0075	1031.5175
1030.4325	949.105	897.6675	882.57	876.135	799.6825	899.8125	1242.53	1246.1	1150.9625	1114.205	1112.0025	1110.055	1127.74	1081.7175	1033.045	1020.175	1051.9675	1190.1925	1292.54	1291.4925	1191.955	1070.27	1030.685
1013.72	911.87	888.3075	863.5575	863.96	798.8925	861.0825	1215.6325	1198.895	1176.3775	1142.6725	1118.5425	1095.9525	1140.64	1113.0925	1084.715	1108.135	1122.97	1194.6675	1273.5575	1281.7625	1161.385	1051.06	1024.3825
1053.2075	968.905	983.45	951.715	893.995	764.925	746.7	1041.4175	1180.64	1277.7925	1248.905	1200.2325	1171.75	1216.8725	1179.2325	1126.6075	1125.8925	1128.8375	1179.7275	1224.525	1212.9125	1090.0825	992.9725	1016.825
1055.0375	964.9975	927.24	903.16	889.185	817.3725	660.5925	924.095	1128.655	1282.525	1270.885	1198.5075	1162.4	1155.455	1100.31	1068.5675	1065.39	1072.2725	1083.3475	1169.1525	1213.305	1108.8025	1000.9425	985.765
986.8975	934.9625	903.6575	871.565	770.375	704.555	912.84	1190.065	1186.9225	1163.6775	1116.9025	1103.27	1114.07	1120.9075	1096.5425	1048.2	1026.265	1058.335	1140.59	1265.2725	1277.11	1188.1375	1044.0175	998.9575
997.8575	922.6575	882.4425	872.1875	864.975	816.52	899.635	1230.48	1192.675	1185.78	1141.235	1135.9675	1142.79	1159.4425	1142.485	1069.4	1034.4475	1036.0225	1122.805	1222.8925	1270.57	1151.4775	1015.3175	981.165
950.7725	876.2225	855.8325	834.275	829.9325	677.6575	882.6325	1277.845	1214.89	1144.3075	1100.39	1067.5275	1079.3875	1112.65	1095.9575	1046.65	1028.55	1023.22	1104.345	1212.73	1254.305	1155.525	1024.9175	994.1025
953.8625	856.335	827.7575	799.2025	795.595	659.9775	799.275	1093.5775	1088.0075	1094.6625	1078.0375	1062.295	1078.75	1104.575	1043.8225	1005.43	1000.23	1033.025	1111.36	1203.19	1255.3825	1153.1625	1049.925	1001.33
986.0975	899.8275	867.35	826.8275	761.6525	702.595	865.115	1189.4075	1165.51	1119.4525	1113.1875	1094.3225	1112.245	1134.8775	1105.0125	1063.5975	1035.445	1061.4775	1127.3925	1259.85	1249.6925	1143.055	1038.9225	1002.4725
995.605	869.005	843.405	815.0425	825.96	709.685	741.3675	1047.3175	1211.1525	1298.5	1217.0625	1126.24	1106.1175	1114.0375	1153.785	1119.64	1107.1475	1112.4425	1156.225	1165.2975	1118.2775	1028.2125	976.3775	995.5325
1041.475	965.7825	932.0725	950.2725	930.51	759.025	670.0525	937.18	1134.54	1260.0925	1271.555	1205.7875	1181.3075	1170.2375	1136.8875	1085.8125	1076.88	1077.965	1088.5275	1170.3075	1187.6625	1092.5525	1015.09	957.6675
914.955	860.2475	786.2525	763.48	717.51	690.6475	936.1275	1207.4775	1203.8325	1155.7175	1112.3375	1097.4675	1130.825	1150.8825	1101.8525	1058.1075	1027.215	1030.465	1106.3625	1245.6725	1292.7525	1185.3575	1041.1725	1003.71
956.9025	846.9675	830.2225	810.265	799.27	681.0525	882.7225	1243.205	1255.19	1175.5225	1146.8525	1103.96	1113.5025	1142.1275	1116.5525	1073.35	1022.875	1036.825	1122.55	1259.8125	1276.9875	1177.2175	1049.06	1003.1425
954.7925	854.47	828.895	803.0475	793.8825	733.9375	853.6875	1236.275	1235.835	1187.2225	1142.545	1108.985	1114.4025	1136.5225	1113.0125	1067.805	1043.6175	1034.62	1133.145	1252.805	1270.655	1168.7125	1041.995	994.25
946.805	850.8475	826.4525	797.3125	787.625	693.64	896.345	1221.775	1224.315	1169.035	1135.29	1083.6175	1087.0075	1112.2425	1077.76	1040.0175	1031.3525	1053.0925	1166.415	1251.7475	1303.6075	1187.2075	1028.7475	974.4125
840.2925	737.4625	711.405	715.9325	713.2825	669.475	902.7575	1213.2025	1205.775	1144.355	1050.53	1014.745	1084.5675	1133.2925	1102.595	1067.505	1035.4875	1076.335	1130.9125	1246.88	1234.2175	1100.6725	986.255	949.9075
919.63	798.2925	746.77	760.725	736.5425	689.7375	735.135	1041.2425	1225.7725	1291.0575	1244.73	1203.985	1223.7825	1280.385	1270.44	1181.985	1161.205	1158.1375	1220.705	1268.5975	1196.6225	1103.9025	1003.1275	975.7575
919.745	790.845	736.96	706.6125	697.1875	705.7275	724.7175	820.5075	1086.4775	1231.5425	1269.85	1240.5775	1212.8275	1222.495	1191.5725	1113.0425	1075.57	1096.3	1102.19	1193.225	1190.54	1060.8875	982.1175	920.0625
815.94	757.1025	733.5925	731.97	699.4275	650.5925	888.3625	1208.73	1208.8025	1175.3375	1129.79	1107.315	1116.175	1159.6	1104.9575	1061.7575	1034.0725	1066.7625	1161.04	1295.8525	1308.4425	1207.1925	1049.4	966.935
867.015	748.725	700.24	690.6	696.5725	735.355	858.0025	1208.46	1184.48	1128.33	1073.925	1060.5375	1090.62	1123.2	1078.1025	1016.245	1003.7425	1011.85	1104.34	1204.745	1244.5775	1202.85	1037.4725	953.54
842.4425	738.2125	687.72	684.075	686.6375	714.6175	908.3075	1192.62	1179.2575	1127.085	1094.8325	1060.3	1025.63	1057.8275	1033.885	1065.495	1044.715	1070.145	1171.515	1289.7325	1294.58	1190.06	1025.8125	941.2675
841.69	718.3025	694.86	684.4	680.685	710.73	833.02	1187.2225	1182.99	1141.5525	1090.77	1061.71	1084.9825	1063.675	1044.95	986.55	964.35	970.445	1063.8725	1184.0525	1166.2475	1078.1675	941.285	947.68
993.5275	889.975	837.835	783.0875	777.485	763.0025	873.59	1168.4475	1169.185	1081.355	1049.045	1005.6825	1039.2875	1140.9425	1126.93	1069.35	1057.44	1074.215	1162.7625	1271.9425	1245.925	1116.75	994.02	944.6325
893.0025	796.8175	736.37	714.54	698.5675	702.4325	752.57	958.03	1164.1525	1207.415	1192.7475	1128.6575	1133.315	1235.5325	1208.525	1140.29	1107.88	1115.445	1168.0475	1196.7525	1160.5825	1025.1425	950.395	907.94
850.7575	752.4575	685.88	679.345	669.31	669.47	704.6875	790.3825	1121.57	1249.41	1259.3525	1217.3375	1201.5425	1271.3675	1194.505	1128.8775	1071.69	1052.78	1106.195	1190.915	1185.4875	1090.4775	975.2425	931.4075
800.39	708.98	673.3075	668.0675	663.5675	701.1725	841.5875	1168.605	1212.5675	1162.3225	1084.77	1061.3425	1091.3875	1201.005	1140.3025	1099.6675	1027.205	1044.265	1157.5925	1282.5875	1297.84	1151.7825	996.5175	900.1475
791.115	696.9675	674.1275	660.175	660.21	707.4625	837.4275	1153.085	1138.03	1068.24	971.15	978.5475	1050.9	1114.1525	1047.6875	955.9275	912.73	972.485	1030.05	1153.59	1164.4025	1064.825	961.7775	924.7425
853.5175	778.0875	725.87	711.7875	702.27	716.585	859.025	1154.3325	1162.8825	1113.585	1010.1475	981.625	982.6025	1027.565	1006.475	947.33	963.47	1031.945	1137.045	1241.6825	1265.6425	1147.4625	1014.5675	932.2925
859.9875	780.6425	732.7825	714.4125	708.55	707.045	892.2975	1132.67	1136.325	1091.165	1046.825	1032.45	1043.605	1093.9675	1005.4525	1043.8875	1034.435	1024.0375	1124.9075	1248.1	1277.05	1151.2775	1003.235	920.9375
811.47	736.7125	669.0325	660.0975	654.3075	679.3875	880.44	1138.16	1138.23	1105.68	1076.725	1036.1425	1035.0425	1059.355	1045.745	1057.59	1048.045	1046.785	1142.0225	1253.775	1248.2325	1116.2125	970.8425	908.695
847.14	760.76	678.7875	668.2725	664.2475	668.7125	766.7075	991.875	1162.3625	1242.165	1141.31	1108.7125	1103.285	1148.1875	1140.0175	1125.84	1102.505	1119.4175	1181.2775	1206.415	1140.6075	1022.61	938.695	936.9175
902.0975	793.9	735.965	711.7325	700.785	584.0675	618.21	848.9925	1058.58	1204.0625	1213.315	1130.4425	1067.0225	1089.8375	1048.82	1041.42	1007.9475	1012.2	1060.8325	1122.3825	1117.975	1021.605	925.98	901.755
795.4575	739.54	695.63	681.21	619.0875	589.6575	866.93	1136.0325	1132.39	1098.4375	1053.4725	1029.4925	1041.785	1091.9225	1066.9625	1009.6475	985.4175	979.6875	1070.1525	1194.41	1214.9675	1132.0525	989.1	896.8975
822.6925	740.65	662.555	653.995	621.7425	588.395	859.77	1163.175	1187.855	1149.725	1092.48	1015.2775	1017.0025	1065.855	1032.91	972.2475	938.6075	961.07	1057.31	1170.175	1189.9825	1090.795	972.9025	873.5325
890.27	826.455	769.9225	749.88	664.32	756.005	972.6325	1195.4125	1196.135	1149.3375	1108.1075	1060.415	1078.9125	1118.2525	1086.305	1030.0675	998.93	1006.395	1101.22	1237.63	1245.9175	1157.9575	1005.1475	895.4875
811.4225	734.1975	698.81	577.2175	555.25	692.755	858.445	1156.2275	1194.4625	1165.4675	1115.3175	1075.7875	1074.8925	1121.2525	1066.7775	999.1625	956.005	974.365	1054.8075	1157.96	1185.265	1076.1925	965.6	871.855
829.12	781.0475	731.3725	644.5175	614.6325	739.6725	866.9475	1162.47	1221.7125	1169.7875	1133.8225	1084.535	1076.205	1106.17	1085.1575	1025.5875	1012.25	1019.3325	1114.39	1204.3125	1157.305	1058.3625	946.52	860.1375
867.5325	779.5825	738.9575	681.1125	598.485	664.4275	788.46	943.2075	1185.6225	1256.7475	1241.575	1182.3	1172.5675	1170.665	1139.515	1091.9	1072.375	1082.165	1125.0825	1161.6225	1126.98	1001.1175	911.8425	864.99
880.44	842.1625	745.62875	629.98	699.8075	686.6225	727.085	1040.9825	1236.4975	1293.26	1251.34	1184.475	1137.2625	1119.5275	1049.975	993.4475	973.4825	983.7225	1028.2525	1085.2425	1058.725	974.26	912.12	895.135
849.9025	785.39	735.8975	666.52	622.71	705.2125	962.86	1181.1525	1203.4025	1134.575	1079.485	1054.3175	1087.1025	1110.99	1071.7	1026.5725	990.98	1022.0325	1178.8675	1237.0925	1247.7425	1138.765	997.0475	895.68
816.6425	742.2375	715.495	629.57	573.4925	694.8275	952.7	1199.035	1196.72	1127.705	1077.4975	1011.535	1037.1875	1070.3475	1031.12	978.3125	947.9525	984.885	1054.1475	1211.305	1230.2125	1098.65	957.5525	861.0825
811.595	735.485	604.91	585.7125	677.7675	644.64	917.0825	1223.8675	1156.7575	1092.7175	1047.0925	1030.015	1045.44	1072.4225	1030.4625	989.2175	971.34	995.145	1050.0925	1153.6075	1193.7175	1078.3575	954.03	875.1125
796.27	713.5925	582.495	566.1075	663.82	611.345	900.86	1200.5775	1167.2525	1087.1925	1072.5725	1056.1475	1053.945	1088.8175	1051.1675	998.8975	981.105	1025.275	1096.7	1178.89	1189.925	1103.7025	976.9	884.26
801.2925	706.19	603.6025	579.19	646.155	611.3675	917.4375	1227.865	1186.27	1116.385	1068.515	1051.8475	1059.75	1106.5	1091.4275	1046.1825	1022.3475	1042.3725	1113.3375	1188.7475	1171.98	1080.2725	962.555	892.8375
833.6975	775.2125	680.64	598.325	600.26	666.3375	758.5625	1078.6425	1241.8725	1279.74	1229.8325	1183.815	1164.8525	1189.665	1134.8575	1075.475	1045.895	1071.13	1122.1875	1179.85	1141.155	1018.3075	932.1825	890.98
869.185	807.5825	742.0375	617.2475	595.6525	702.605	679.235	891.5975	1160.8125	1276.4475	1255.705	1195.635	1140.2325	1134.2925	1056.39	997.1	969.9475	981.7725	1020.085	1107.2175	1115.4925	1005.0475	917.3275	885.26
809.34	755.8325	630.1925	598.6925	646.725	657.8625	820.9525	1142.145	1217.02	1186.625	1118.4875	1072.59	1092.8675	1117.2025	1073.5275	997.735	988.64	1020.4425	1091.0575	1195.36	1206.0925	1074.0975	944.54	854.105
821.89	727.0075	639.07	568.845	559.8625	652.8725	929.1825	1215.86	1215.355	1126.33	1086.88	1060.4575	1067.85	1121.9375	1058.92	1019.1175	980.6	1014.705	1084.26	1190.8725	1200.405	1112.355	982.1925	911.1225
796.9375	737.3	622.16	560.36	548.1925	642.5875	918.57	1253.03	1211.4675	1134.265	1073.455	1047.565	1052.6575	1082.2175	1057.675	1013.2275	995.7325	1016.7525	1091.525	1181.58	1187.0525	1124.8525	983.98	903.5675
796.475	711	592.21	563.365	559.4025	693.73	927.5475	1229.2225	1198.32	1105.4875	1053.1925	1044.0725	1047.04	1077.7175	1074.3825	999.725	1020.715	1144	1208.855	1304.4925	1199.455	1104.195	991.6725	899.8425
856.19	802.4075	674.0225	659.215	654.5875	774.6925	946.1475	1231.655	1224.87	1123.805	1072.605	1040.6975	1091.095	1121.0775	1098.575	1055.685	1004.2575	1030.28	1096.8375	1156.7675	1160.3975	1060.0875	952.18	872.2875
859.17	808.9775	680.7725	633.5	611.93	686.075	827.1275	1057.99	1228.0975	1290.0625	1248.99	1192.81	1187.7325	1197.2925	1152.0625	1071.22	1046.42	1080.6925	1100.765	1114.1	1095.66	999.2725	922.0275	864.93
866.0675	809.08	757.24	644.0425	603.3425	612.0225	633.385	815.5575	1078.785	1215.5825	1302.385	1256.8175	1208.8075	1189.3275	1083.7475	1065.345	998.72	1026.64	1056.6025	1085.7375	1096.4775	1029.735	915.9225	850.06
818.6425	760.225	651.135	597.0625	594.225	644.91	922.7975	1224.49	1177.805	1155.855	1108.3525	1074.725	1081.535	1119.25	1069.1975	1017.6725	986.5925	1020.4425	1097.775	1176.595	1212.8975	1101.785	968.52	882.71
777.5525	674.665	565.57	536.0225	533.875	661.93	915.7	1230.4125	1195.1375	1129.3025	1060.555	1063.695	1075.53	1108.93	1074.8875	1005.52	981.66	1012.6	1048.8825	1117.9425	1200.33	1104.2975	969.505	873.3475
789.44	714.6925	582.81	523.785	528.49	583.3375	910.87	1219.715	1177.0875	1098.255	991.5225	933.88	937.285	969.86	979.59	975.3075	993.0925	1024.02	1084.945	1168.6525	1152.4525	1067.07	946.9825	846.975
853.6675	731.2725	620.86	611.1225	616.285	750.4425	927.92	1173.2925	1157.2975	1139.8175	1079.8425	1056.4325	1077.05	1118.1775	1091.0775	1031.8775	990.83	1021.69	1091.265	1170.1075	1195.8025	1100.58	958.6325	871.8875
796.58	643.455	558.6075	518.65	532.12	687.5675	888.5775	1127.21	1149.64	1117.0375	1070.125	1041.74	1029.1475	1059.3475	1043.5475	984.0075	965.5025	983.7175	1043.3575	1124.7975	1132.5675	1051.495	926.505	843.84
801.255	697.9925	593.2425	561.765	551.0075	664.7275	761.085	925.345	1048.325	1179.7825	1164.9425	1127.0275	1099.8875	1116.8575	1115.495	1064.6775	1050.6325	1060.3375	1084.0375	1095.3725	1066.1825	973.49	898.1675	828.4675
872.84	825.78	761.71	614.1175	597.7875	603.27	665.975	851.7125	1075.7025	1257.44	1255.03	1197.7525	1154.535	1146.74	1108.235	1037.875	998.45	1001.14	1036.9575	1082.17	1097.71	1026.8025	924.5275	857.98
735.8475	590.0825	554.0625	511.07	614.71	663.2025	782.97	1053.1625	1134.3375	1075.3975	1048.4525	1021.3075	1029.5875	1053.6625	1022.76	967.655	944.82	955.5925	1024.77	1104.7775	1154.3525	1061.2	930.07	842.1725
802.1275	640.82	602.89	587.4475	630.8875	705.9275	868.1325	1045.77	1097.8175	1097.3475	1045.7925	1018.68	1024.775	1063.6325	1020.9625	969.28	948.6675	981.9	1049.805	1141.51	1164.6875	1080.485	953.12	863.53
773.3275	651.4875	556.2975	522.84	524.39	549.5225	839.97	1184.7325	1128.455	1065.68	1026.1625	1009.915	1002.55	1034.4775	1011.3675	954.5925	945.04	959.6025	1030.47	1121.285	1137.415	1043.54	931.8375	839.37
805.95	677.8075	606.3025	580.8775	586.87	655.7275	892.6525	1152.565	1158.56	1086.855	1058.0325	1030.7725	1045.18	1068.54	1040.545	979.5375	964.015	990.605	1073.4	1142.6525	1149.045	1074.2775	938.6925	863.8525
769.6375	603.845	548.8775	519.5175	522.47	629.555	862.7	1137.2625	1142.93	1071.335	1046.6075	1023.33	1017.665	1045.2825	1031.3275	986.1825	950.905	967.405	1036.07	1112.36	1120.735	1012.6775	911.8325	835.66
823.5525	660.5875	595.885	572.275	571.255	658.6675	755.2975	955.73	1089.7525	1157.66	1139.21	1082.77	1080.615	1115.9475	1072.0125	1029.3325	988.23	1006.1575	1050.685	1064.0025	1045.1225	950.33	859.55	816.43
849.69	728.8875	658.885	612.3675	593.8875	668.7175	709.6625	850.4625	1020.755	1174.0675	1265.89	1224.4	1167.6775	1159.0675	1093.7775	1003.76	977.1575	983.5625	986.7925	1042.74	1057.705	977.575	895.345	827.7875
788.0575	724.665	594.32	570.0425	563.7525	590.695	818.1225	1115.0775	1132.31	1096.9625	1050.6875	1019.3925	1019.0475	1051.11	1025.6825	952.84	931.935	947.25	1013.1	1086.695	1132.9075	1048.2625	943.32	835.0675
804.585	664.59	605.7675	576.2275	575.715	633.3575	884.21	1145.505	1161.4025	1121.5775	1056.87	1049.5225	1035.8725	1083.84	1044.145	973.0325	963.8625	976.4825	1052.955	1053.94	1178.0175	1074.9875	951.6475	876.0775
773.525	703.635	608.115	518.8725	524.4425	560.0875	766.39	1194.9475	1155.3125	1085.415	1042.58	1017.2625	1011.935	1041.93	1022.99	963.94	953.4975	967.1525	1035.4925	1120.9125	1147.4725	1051.74	931.405	848.295
817.4975	670.05	607.3925	578.46	581.1325	653.925	895.9375	1154.835	1171.8525	1097.535	1063.3275	1027.845	1040.69	1074.61	1051.1475	981.2725	958.345	985.1025	962.0925	1102.0825	1161.8225	1076.4	953.46	870.1175
783.4525	705.895	593.49	515.5	514.2175	561.18	761.595	1149.7675	1155.755	1108.815	1054.5325	1018.93	1024.635	1054.1775	1043.02	977.93	973.78	985.625	1056.2025	1130.215	1136.525	1045.5275	926.0225	847.775
833.5975	726.7175	628.255	592.4225	588.4475	610.8025	759.755	989.0675	1159.6125	1253.3575	1199.4725	1159.5025	1148.97	1157.57	1150.535	1061.4375	1044.275	1078.88	1087.715	1095.7325	1062.71	947.99	862.555	833.0175
834.43	746.2775	611.8175	571.4425	547.065	560.2125	602.805	832.67	1077.27	1227.9825	1221.66	1166.7075	1125.3075	1126.205	1063.195	998.8025	968.39	974.83	986.7	1038.025	1038.435	969.3425	897.39	820.0025
743.3325	659.1675	607.22	589.9425	520.675	725.195	893.045	1136.6125	1149.53	1119.3725	1069.8025	1042.905	1038.73	1024	936.3	962.695	962.6025	972.68	1056.905	1131.935	1202.27	1102.185	958	867.205
766.8175	650.1	547.0075	521.7525	515.6725	544.78	835.9075	1143.4775	1135.9375	1067.955	1035.6275	1005.8425	999.9275	1044.3325	1013.35	949.855	929.95	930.635	924.3275	1072.4725	1147.67	1076.845	946.925	865.2325
795.025	763.0325	657.105	590.885	576.4125	618.9875	802.835	1176.6425	1160.8975	1107.14	1044.9375	1036.5225	1037.33	1072.5475	1040.69	988.955	968.7825	989.9125	1049.55	1054.58	1173.545	1108.1375	975.19	882.5875
780.6025	699.4325	592.98	528.9325	524.0225	557.03	757.7925	1143.64	1129.6125	1067.3275	1036.3775	1001.42	1012.745	1036.085	1004.5875	942.855	921.73	953.0025	1018.805	1014.885	1087.165	1050.0775	926.6375	839.5825
802.48	759.53	632.84	573.165	574.545	614.16	804.87	1148.63	1152.0325	1113.5275	1049.995	1021.335	1040.755	1084.52	1042.9275	1001.4375	961.1125	1007.0425	1066.565	1133.8075	1164.8	1062.8725	944.4275	869.7975
728.6125	598.955	558.815	526.5925	524.67	655.68	757.735	943.465	1027.495	1127.1175	1136.2375	1084.1425	1079.135	1108.9425	1092.5675	1029.2625	1013.3425	1016.805	1052.795	1073.065	1036.3575	954.0125	874.4325	850.86
850.06	790.9875	659.56	601.05	591.56	593.84	606.5625	834.8125	1064.795	1219.0925	1211.0275	1150.3775	1107.2475	1117.305	1073.4425	1017.18	985.965	970.1075	997.4125	1024.8125	1038.09	967.6975	803.0525	746.135
697.405	703.4875	675.2475	598.875	524.19	547.385	652.3425	872.2725	1102.1575	1120.11	1073.4225	1032.0325	1032.3925	1069.0275	1028.115	970.0225	944.2925	960.19	1008.93	1058.0325	1086.8575	990.2625	886.275	825.425
728.745	673.605	624.7275	633.29	697.56	701.255	631.7825	717.7825	961.1525	1174.15	1199.605	1143.2575	1109.5375	1122.6025	1079.1625	1012.39	992.455	995.1975	1032.6625	1069.0975	1082.445	1016.885	906.5475	852.6325
737.0925	588.0825	549.4125	517.0725	507.2375	580.21	862.6775	1157.885	1120.5025	1070.1325	1033.71	1002.71	999.845	1059.69	976.1775	839.9375	895.16	946.32	1014.9825	1109.2575	1142.9425	1057.8575	929.9825	857.905
796.725	694.7675	584.225	571.28	558.95	592.39	807.81	1137.2025	1141.6925	1075.0425	1026.64	986.36	1011.15	1044.16	1030.7975	985.9625	1150.1875	1119.8725	1147.29	1093.8825	1151.3125	1066.77	942.715	864.3475
781.4975	661.7025	516.3725	510.68	504.2575	537.5125	781.62	1119.625	1128.4825	1070.625	1020.2775	995.5225	997.9125	1043.905	1023.365	965.44	945.9375	961.935	1019.3625	1110.365	1111.325	1018.9875	911.1125	839.67
817.45	673.8125	600.1225	571.615	557.2575	572.515	743.805	944.5225	1090.1725	1170.7275	1143.7525	1087.21	1089.7225	1115.4725	1108.0875	1033.015	1011.735	1027.265	1062.78	1089.165	1058.8475	946.94	873.7875	823.88
856.89	789.52	653.17	589.215	582.555	594.02	600.155	798.5225	1048.8225	1219.825	1216.15	1176.435	1135.47	1125.6025	1092.3725	1021.1525	982.47	999.385	1009.955	1059.06	1083.1875	1000.4275	908.9125	856.5125
758.365	631.6975	553.1625	504.98	515.6475	556.025	820.2225	1117.4375	1133.6	1037.1375	980.1925	928.8175	933.37	978.015	965.3775	863.8875	770.0825	854.0325	955.195	1054.805	1096.085	1001.0225	925.565	863.9425
832.2375	839.0675	795.1975	780.025	703.515	632.425	805.5225	956.0225	966.745	1005.0325	985.125	964.3325	984.555	1019.58	1038.75	990.7925	969.1675	1003.45	1066.065	1169.53	1176.7775	990.1925	855.9	757.33
798.5725	809.2725	779.1675	753.3575	740.405	673.985	777.8375	954.705	962.345	973.8325	972.96	957.9425	952.47	1024.1775	1057.975	1006.8375	979.4525	1021.4725	1103.3575	1172.3875	1199.86	1063.8	937.4525	856.265
829.065	682.945	615.32	603.4675	586.7875	621.735	741.7925	968.9375	1091.8475	1020.5225	996.1575	968.06	983.4925	998.3	1027.9	983.0925	955.905	996.935	1050.095	1063.9525	1054.1	989.6725	930.2625	860.2475
833.1475	764.01	724.865	714.28	620.075	614.02	759.9175	1042.185	1029.145	1048.505	1012.8475	985.1975	973.7425	995.4225	988.095	939.1125	915.3575	952.6475	1015.9775	1091.51	1067.95	859.3625	816.355	747.3775
774.7	875.13	814.5375	789.77	768.97	712.9125	661.955	788.185	938.45	1028.19	1107.9925	1054.0075	1051.9075	1080.5525	1072.4175	970.1125	909.245	950.175	1072.2675	1115.41	1080.2425	969.8325	911.1575	873.7575
861.67	885.525	821.99	758.99	661.9125	665.2	603.56	660.9125	894.265	1156.2225	1164.44	1108.4375	1076.07	1059.3975	995.4625	917.6775	877.7225	888.9525	993.9075	1039.9075	1074.4625	989.7875	896.5325	862.705
833.9725	842.0425	802.3225	764.98	689.485	680.03	771.99	955.61	1047.4225	1017.605	961.7	907.42	911.115	961.6275	942.2875	923.2375	921.96	930.085	1027.1175	1123.4875	1164.0975	1060.9725	910.925	839.0175
830.03	767.855	726.54	701.6775	694.47	690.77	787.97	1026.6	1055.675	984.4025	927.1425	876.265	893.5525	939.685	910.92	954.22	929.1825	952.7	1020.1125	1115.515	1149.7775	1030.03	909.19	840.8975
852.4375	772.205	711.545	694.73	689.71	664.51	785.065	1083.8325	1098.9675	1076.22	969.7875	889.395	905.35	934.3475	938.9125	898.2275	864.11	886.825	933.835	1010.655	1020.44	988.5675	906.83	835.4925
847.9725	780.36	751.7375	763.595	766.845	748.12	709.2225	855.7175	1058.0975	1117.555	1076.5325	1004.4925	995.8375	1026.445	1030.16	1003.91	983.4575	1107.5675	1147.395	1123.98	1014.3875	912.2125	869.3825	851.055
858.1	810.8025	757.9475	724.9	733.2825	729.19	716.525	679.03	929.045	1121.1775	1190.5075	1143.5275	939.735	816.5775	829.7025	840.7675	848.7225	899.7375	919.7975	962.2375	968.99	910.91	831.785	791.5425
793.645	727.735	738.185	725.0775	721.635	693.9375	601.5675	643.815	875.52	1070.21	1229.8075	1233.2375	1106.4475	1031.4925	1011.1675	975.62	964.6575	958.6475	990.3525	1007.8175	996.56	899.5275	821.6825	803.44
779.1375	711.1375	654.57	623.195	609.9525	578.6125	581.7075	713.845	968.225	1164.1475	1204.38	1151.96	1102.2675	1107.0575	1060.725	975.1	945.9525	932.37	974	1007.13	1010.0175	912.3575	826.3975	816.3725
728.5625	640.2025	605.8025	587.12	568.09	554.4675	658.895	898.755	978.0725	1056.795	1035.565	968.8075	954.4775	993.35	950.43	880.625	910.4875	948.6075	1004.87	1082.4925	1106.88	997.2125	885.09	820.15
766.8075	706.255	708.7725	680.93	662.1525	651.9875	669.375	837.135	965.3125	1017.4	981.235	942.9525	948.6775	995.68	953.6875	882.0625	845.4875	943.1375	1017.455	1081.94	1118.7225	987.105	863.71	815.275
806.2025	729.5375	744.1875	735.5525	723.1225	703.9925	689.23	832.105	991.025	1041.3875	1027.69	975.5125	965.99	1005.415	956.4225	898.0275	851.8075	949.7075	1017.8425	1077.0275	1095.1975	988.1275	878.26	822.805
790.685	717.7125	712.5325	737.795	723.1375	716.6725	679.24	780.2175	969.24	1073.6775	1088.6975	1038.885	1006.07	1038.47	1019.4425	982.27	990.09	1141.815	1227.77	1164.865	965.42	819.8325	785.08	763.195
