699.935	740.685	714.99	684.2525	597.7575	519.2425	510.145	614.8825	795.55	1006.13	1131.845	1144.445	1083.6775	1073.155	1026.0875	918.0225	906.0375	902.1875	922.185	950.3275	966.3725	877.0875	791.2575	744.46
650.47	593.2275	539.6425	520.6075	511.2	500.0075	617.5375	837.52	987.4875	1081.5075	1097.5675	1018.93	1008.0775	1072.4375	981.805	908.3025	895.2125	894.275	976.505	1016.4225	1057.3275	961.8975	823.31	775.7425
689.565	610.3225	578.1475	541.61	521.83	514.6875	624.4775	838.6775	1012.2075	1105.9875	1061.8675	1016.3625	1009.335	1057.7075	1023.305	917.2225	905.375	943.57	984.5625	1051.1925	1063.4275	953.995	823.5075	754.755
713.5525	620.6775	569.655	551.5575	526.785	518.5625	563.0475	748.1525	965.055	1149.5875	1150.77	1084.6075	1077.415	1131.015	1065.4375	996.685	988.6625	989.1775	1034.6575	1056.6	1006.77	902.1275	804.065	788.105
723.4175	633.9325	575.245	545.465	526.8325	498.9925	523.34	645.5475	881.3875	1129.3075	1200.8175	1164.5175	1116.07	1124.94	1070.7375	970.15	942.8125	933.8925	963.5175	983.4775	988.255	875.595	793.14	761.0325
713.545	634.2525	566.2925	535.6125	517.5125	498.5475	526.3975	682.95	923.76	1208.1525	1275.4925	1214.6375	1137.39	1142.6375	1106.2575	1015.48	939.4275	946.11	967.86	995.6075	1013.035	937.4675	844.71	751.805
678.405	587.14	536.0325	538.105	526	517.59	739.74	1059.4825	1097.395	1088.1625	1057.435	1001.8575	1017.7975	1074.71	1011.035	947.975	906.2825	927.695	1015.955	1077.03	1122.5525	1052.8375	915.43	797.335
683.0025	598.7775	569.3025	555.5325	560.345	557.055	729.0175	1065.4575	1102.4825	1098.6275	1040.775	996.3975	1017.305	1046.445	1004.8475	969.7475	908.4225	941.51	1047.575	1106.4125	1130.005	1033.7625	920.255	802.9575
714.05	637.26	589.1625	586.3725	560.36	547.1625	732.135	1078.7075	1096.79	1084.275	1033.035	996.3475	1022.8475	1053.1775	1019.1525	954.7225	921.145	969.7575	1032.5725	1115.0425	1122.0625	1017.9675	914.7175	801.5825
722.1425	626.285	577.8925	558.7025	566.61	550.69	735.3	1083.6725	1110.8475	1112.025	1038.03	1010.37	1019.835	1047.825	1022.28	963.4075	922.1075	973.6475	1041.6575	1115.8525	1123.645	977.215	899	799.4675
717.3825	647.04	606.4	584.7325	574.8175	539.435	622.9575	860.385	1051.4825	1177.6925	1178.9375	1115.0675	1128.585	1160.1025	1129.3775	1047.0575	1060.235	1045.8675	1078.02	1090.7925	1038.785	889.5625	828.0525	784.075
775.81	690.125	637.725	593.245	589.52	527.3375	537.685	699.1475	930.815	1224.6725	1262.2425	1203.955	1160.19	1161.8375	1112.19	995.19	959.86	991.58	989.83	1012.2825	1023.23	910.7375	850.42	788.76
700.07	619.485	584.355	560.5625	562.2425	554.3275	735.8375	1059.925	1092.865	1084.6775	1020.89	993.0875	1003.3925	1069.225	996.345	927.98	903.4975	940.17	1032.565	1101.895	1133.0625	1020.84	912.2325	801.645
708.42	620.3225	584.1525	576.5475	557.7375	553.5775	738.6675	1064.4525	1090.1225	1089.33	1020.055	1011.6125	992.305	1051.2725	986.0375	900.005	897.4225	926.88	1021.0575	1111.51	1116.515	1009.815	909.355	789.5325
703.085	629.67	585.27	566.845	571.4425	563.565	721.85	1070.05	1108.4125	1109.33	1023.6225	1014.3	1007.95	1051.135	1007.6575	946.445	908.97	959.1875	1044.6375	1118.89	1154.1275	1011.7275	923.8075	810.56
737.975	643.0925	599.2	571.3225	593.0725	560.925	743.315	1072.955	1086.5175	1087.5825	998.7425	976.63	1022.11	1054.4475	997.405	933.26	907.08	942.74	1020.565	1108.68	1126.105	996.4025	906.5925	810.905
698.2075	624.2025	579.625	572.3275	576.5575	562.515	681.1725	1015.7375	1065.1575	1074.79	1003.31	1007.45	1002.4975	1056.72	1002.325	941.075	916.4225	951.615	1078.635	1141.3025	1144.2525	1000.13	902.3675	805.8875
705.545	621.2325	576.9625	561.3725	562.5575	520.1725	590.925	844.0725	1047.5825	1210.31	1179.215	1139.6	1129.7325	1163.8625	1140.2825	1055.66	1029.2575	1064.185	1094.925	1118.575	1069.425	878.2775	828.4725	785.5275
743.7025	662.8075	616.905	600.8125	569.2475	510.4175	528.0975	667.1025	980.925	1253.43	1275.9125	1233.84	1164.62	1170.985	1128.5175	1005.29	960.855	963.8925	994.135	1011.815	1046.325	912.305	855.0075	791.4325
673.2725	600.4575	567.9725	562.8625	555.3825	555.7375	718.2825	1079.17	1117.11	1112.2825	1061.7375	1017.2975	1040.93	1075.605	1022.535	960.065	912.745	953.845	1029.8825	1107.0625	1155.1	1008.45	902.615	813.045
700.2825	606.5525	576.7025	563.035	562.0625	557.65	706.5875	1092.8	1117.4775	1118.6875	1072.1275	1037.6525	1066.295	1094.9025	1038.8275	954.9425	922.065	972.9925	1038.5575	1115.4775	1147.1525	994.5775	901.8975	803.9825
701.0425	609.64	567.415	563.78	567.55	561.0625	702.9325	1078.7775	1117.73	1114.785	1029.9725	1015.1625	1019.8975	1053.305	1007.7975	934.5825	915.6675	954.3975	1038.4975	1132.185	1149.6825	1016.365	929.8275	834.5075
704.8225	619.855	568.7325	567.445	572.1	558.61	719.34	1102.37	1162.775	1106.3375	1043.15	1015.0425	1032.96	1080.7625	1025.8225	964.28	900.63	929.67	1043.455	1118.2775	1123.2525	974.5825	890.3775	787.8875
706.0325	616.0625	577.0375	556.835	555.22	545.7175	684.3025	1056.475	1093.0875	1085.2425	1006.8625	971.615	1004.0575	1042.625	1012.1575	940.395	928.775	957.43	1046.605	1121.065	1135.8175	974.1525	887.8625	793.5575
730.275	644.15	586.0225	563.3925	563.19	532.045	577.8675	860.6875	1094.2975	1299.855	1225.47	1164.395	1166.1875	1195.69	1184.8	1077.775	1016.23	1060.88	1114.4775	1095.33	1041.375	880.34	835.0975	789.225
756.0275	671.96	637.7175	602.7175	588.5525	572.8175	534.8275	658.345	981.1375	1270.415	1295.1075	1252.94	1195.005	1174.5875	1113.31	981.1075	940.3825	962.505	1004.13	1015.5325	1020.475	889.2875	837.5325	771.15
686.86	608.845	575.5675	571.205	563.5675	553.0625	710.235	1058.1675	1095.715	1089.915	1029.72	980.55	995.8975	1033.8775	980.7225	903.4	873.91	901.1325	1007.57	1047.365	1105.0025	984.8525	891.8225	784.5375
691.2125	610.5125	573.765	558.14	561.14	546.2775	696.4925	1026.7825	1051.51	1055.04	1028.015	970.9875	996.5	1042.635	1001.435	910.025	882.99	926.02	1013.5775	1092.7075	1126.0375	989.1975	908.7925	831.21
710.3825	627.5325	570.7325	568.57	566.37	560.025	691.5825	1056.5475	1114.1975	1112.54	1082.905	1008.965	998.515	1066.56	1021.575	942.35	880.8675	922.815	1039.985	1109.1175	1125.905	990.605	885.4125	790.755
690.9175	628.5225	563.31	550.3975	548.28	545.23	696.2725	1037.755	1043.04	1062.5725	1002.55	944.0725	984.96	1014.4375	983.7325	897.1425	896.885	931.8225	1020.7575	1104.1325	1114.6225	958.1125	881.555	798.86
690.08	619.565	568.78	567.1775	551.1625	552.88	698.8725	1048.7025	1106.01	1097.3025	1024.28	1006.8175	995.6375	1052.14	1023.4475	938.725	925.7325	946.78	1034.7775	1126.085	1123.0275	973.7275	890.365	786.54
734.8175	645	591.355	571.0575	562.145	541.05	574.02	818.655	1031.45	1215.605	1188.9175	1136.3425	1131.5325	1168.63	1130.645	1068.2225	1039.67	1041.5025	1107.0025	1111.2175	1045.0125	870.205	823.53	797.1175
759.7175	677.1775	628.795	611.64	582.595	573.1075	519.1025	638.45	941.0325	1232.3725	1266.545	1212.7525	1172.6275	1170.635	1094.035	1005.4175	954.35	960.59	1006.405	1031.5775	1022.035	883.5375	832.855	791.34
690.6925	624.3825	577.4425	573.7975	564.99	551.235	678.285	1011.8475	1051.9175	1095.835	1041.94	1010.375	1036.125	1056.39	987.12	928.3725	893.705	921.015	1016.48	1080.1	1139.2375	974.6125	891.2975	804.095
706.4275	635.1975	593.395	582.805	579.7625	547.2825	712.1475	1047.315	1065.7225	1079.795	1008.16	984.8625	994.3575	1045.82	997.6525	897.2675	892.5175	937.255	1031.5925	1105.5275	1127.8325	984.7625	917.4325	842.72
706.9325	624.1475	600.765	583.3275	586	554.76	702.455	1034.2825	1065.5	1040.8525	966.865	967.79	1015.2525	1054.045	987.945	955.8275	906.32	949.4425	1063.21	1092.6375	1125.6125	973.32	912.81	833.48
732.2975	672.76	622.7625	596.225	594.7375	570.9075	710.29	1030.7275	1066.0075	1092.825	1047.535	998.06	1031.63	1075.945	1012.285	956	923.0175	948.8675	1046.63	1091.9575	1121.9275	976.2975	916.795	823.68
734.835	641.5725	603.11	584.675	585.765	576.025	721.965	1053.95	1107.425	1120.0525	1104.9725	1034.1	1045.2975	1094.775	1053.4375	989.3175	956.855	975.0875	1092.1475	1112.52	1123.3175	970.06	902.32	819.5075
731.515	660.2825	612.07	600.36	590.0675	551.9625	615.445	908.7475	1150.4075	1322.91	1262.06	1192.865	1182.6325	1218.4475	1186.525	1080.5125	1048.3975	1068.7075	1115.375	1091.345	1043.13	880.37	825.7025	779.7325
765.5825	699.6325	636.035	603.3675	589.95	577.4575	547.8325	693.0425	976.53	1256.87	1269.79	1213.485	1174.72	1193.575	1141.8975	1018.1175	982.59	963.385	1028.2875	1027.865	1040.065	894.98	841.355	774.63
695.28	630.17	593.8075	568.9275	572.985	561.3425	723.5325	1079.9375	1091.955	1087.14	1033.02	1002.4625	1016.785	1056.3825	978.325	921.9775	884.1675	929.715	1046.7225	1078.545	1146.505	977.945	876.59	793.5575
700.075	613.5925	620.5125	582.2925	564.995	551.5175	729.935	1073.4125	1099.89	1104.17	1061.9975	1024.1625	1032.17	1076.3825	998.335	906.83	876.345	916.255	1036.135	1060.7475	1106.365	967.5725	876.6975	799.8325
681.1175	603.7425	577.7075	557.2425	562.84	542.7375	719.85	1078.705	1098.8075	1087.89	1033.51	1002.465	1016.45	1039.5375	984.8025	932.6775	897.205	945.74	1075.84	1084.37	1100.435	965.9575	907.03	805.7675
693.9775	618.4375	584.8425	574.6175	564.6075	566.9025	730.2275	1081.595	1101.46	1084.7575	1029.8025	979.3675	995.4975	1054.8375	981.775	934.2975	894.5475	912.8375	1039.8375	1062.0725	1095.125	967.79	891.7525	833.1075
739.875	655.045	634.1575	604.2725	612.8975	565.88	711.1375	1081.6375	1103.6425	1098.5725	1062.1225	1017.3725	1033.58	1063.5975	1029.4825	969.9625	924.1825	962.98	1081.07	1077.8425	1069.6425	905.3525	850.5525	821.635
724.86	642.02	599.3025	588.0875	570.22	532.9775	593.6975	873.4275	1055.1975	1198.685	1164.835	1116.1075	1134.14	1139.5975	1122.0125	1029.0025	1020.155	1024.605	1111.8475	1062.6375	990.1125	854.6275	804.945	768.135
734.1375	669.07	626.435	599.35	600.2625	529.52	527.5875	705.34	985.26	1243.0925	1245.8075	1204.5725	1152.065	1132.5975	1084.6	986.55	923.215	932.94	1019.3275	974.8525	985.135	870.52	808.29	747.275
694.0775	617.88	592.1	585.0425	574.6425	570.3	718.0525	1070.405	1080.7375	1055.9125	1018.935	994.095	1012.6725	1036.3875	977.7875	904.68	898.6175	909.4075	1036.3375	1054.7575	1087.875	957.9275	877.6775	767.93
674.1725	609.3125	573.15	555.21	548.9425	544.365	711.99	1072.8475	1080.1	1059.835	1024.89	990.45	997.965	1044.595	980.2725	898.975	883.3375	920.7025	1041.7475	1068.5275	1090.6375	949.07	858.1575	769.61
689.205	605.5525	579.8075	555.9	553.725	537.5275	710.855	1047.845	1050.74	1049.6025	984.32	981.3325	976.335	1042.6775	965.5525	896.5975	887.4875	894.9825	1021.445	1064.8925	1086.815	949.685	861.12	798.275
681.395	608.61	585.84	560.8325	561.4925	539.7525	704.0425	1041.65	1041.035	1043.08	1009.1875	956.6175	967.915	1021.8975	956.085	908.005	859.09	898.8675	1021.9825	1034.995	1087.2275	967.11	858.655	787.0175
692.1425	616.4325	583.4375	555.0325	553.125	537.48	698.395	1081.29	1097.73	1120.4125	1061.3325	1030.6825	1030.83	1055.905	1024.2825	943.9875	919.615	944.605	1067.0175	1075.185	1081.105	953.275	870.6975	797.5975
716.39	648.41	589.9075	589.6575	567.3175	532.3	588.4725	873.1675	1097.8625	1198.07	1154.785	1111.3275	1101.86	1139.1425	1089.8075	1004.7175	1004.3275	1012.27	1093.9175	1050.0175	989.0475	872.295	818.7125	778.5225
729.15	674.5175	612.5325	586.3925	570.1325	512.9625	522.36	734.9575	1020.69	1300.0125	1320.9525	1232.4075	1167.6825	1188.685	1104.79	966.4825	898.72	903.9275	1005.8625	989.9225	987.7575	892.93	846.3175	773.3
679.865	604.8975	564.61	571.6675	566.1675	546.82	714.7	1089.675	1111.91	1132.605	1061.3	1008.2625	1016.73	1072.795	984.93	886.42	855.33	905.575	1022.4675	1070.0075	1116.765	1001.5575	862.825	802.675
707.1825	640.07	604.9675	598.515	592.6175	554.63	807.0475	1131.025	1164.0475	1058.3175	998.1725	960.87	965.485	1047.37	946.3675	886.05	859.105	893.1775	1015.21	1100.085	1119.5675	992.7725	840.5475	714.9475
692.4183333	611.1475	586.0933333	565.49	567.5216667	546.7625	727.3	1089.0125	1099.3925	1008.095	948.8775	894.6875	906.93	954.9325	884.375	850.6075	846.405	888.955	1031.4325	1058.6875	1094.1525	970.495	840.1025	761.54
660.81	575.9775	548.6775	530.9725	531.965	531.7525	716.1425	1072.0675	1057.7975	1058.1975	982.1725	941.995	973.0775	1023.5925	974.5525	908.455	861.3675	919.78	1043.8125	1073.24	1093.7875	968.4825	858.91	781.7825
660.15	589.69	555.1475	532.6275	535.275	523.5175	734.9275	1095.035	1100.825	1101.8625	1044.165	995.49	1000.63	1054.1375	989.7475	911.3075	895.0575	929.77	1063.4375	1072	1063.7175	937.585	833.7525	762.37
668.625	619.23	568.235	544.3875	541.5125	522.045	605.2375	888.2825	1047.1275	1198.7675	1147.08	1100.3075	1073.71	1119.675	1096.1825	1012.4	991.3175	1000.99	1078.885	1044.43	994.94	832.0575	793.225	759.115
706.5825	643.885	587.8225	542.1725	523.45	482.5025	514.2125	691.4475	941.2775	1215.425	1211.8325	1159.8525	1107.5325	1115.44	1054.635	945.1525	894.8425	905.9325	989.385	983.31	987.7575	866.0825	794.3275	762.2925
635.3575	570.3625	531.71	529.22	519.87	505.97	708.205	1108.285	1090.325	1112.67	1041.575	985.9275	1001.8125	1031.3475	1000.2625	913.3175	869.88	896.475	1010.4175	1075.585	1099.005	985.07	851.7825	768.185
650.8925	583.83	558.545	538.8675	526.245	518.1775	717.1225	1069.22	1048.8125	1023.365	957.0975	946.4475	946.19	991.6875	921.745	860.8825	840.4075	883.43	1000.4575	1055.025	1103.4025	954.0525	829.2375	746.6625
661.87	604.1225	574.365	560.8525	555.365	537.2225	719.7325	1083.31	1100.445	1091.165	998.61	961.115	989.3175	1029.5275	993.6925	905.335	860.2225	908.7075	1025.1425	1083.14	1112.705	979.555	884.1475	756.855
672.7525	586.0475	540.6475	519.7875	525.365	525.58	731.6575	1105.8125	1066.1875	1030.16	988.925	970.625	982.19	1029.125	993.99	898.235	879.3025	897.4675	1026.265	1081.9775	1086.9875	968.1525	874.4175	784.2175
656.2075	593.925	555.225	526.9325	525.795	525.525	728.03	1098.9075	1128.98	1111.73	1049.8675	1000.3375	998.5375	1070.3	1011.97	950.495	921.67	926.505	1071.6475	1077.1325	1074.345	948.555	877.0275	778.97
661.47	599.06	583.7525	528.58	524.0325	500.1475	607.49	924.735	1102.77	1227.8025	1207.77	1138.6125	1138.04	1172.69	1127.465	1061.3075	1019.235	1027.5175	1116.3025	1069.185	971.3825	858.165	792.695	750.895
693.0525	630.975	575.3925	546.43	538.6325	478.535	509.8525	742.4375	1035.4675	1265.025	1246.985	1203.8275	1137.215	1144.5275	1106.5125	943.81	860.045	893.3425	1000.14	992.915	988.59	861.6125	803.7525	744.11
638.555	584.655	551.6075	525.0975	519.665	520.08	725.4025	1089.4825	1090.155	1110.2475	1037.0125	988.3975	1016.7025	1039.0525	979.21	902.495	873.4425	903.75	1005.03	1076.9275	1100.9725	971.525	854.0325	759.87
653.89	573.1975	544.1575	517.7575	514.365	509.81	739.08	1103.815	1095.8775	1066.225	984.665	970.9325	988.7475	1035.9225	964.395	901.62	857.9375	888.63	1037.7775	1072.7825	1114.3725	976.5725	853.1875	765.0625
644.7325	579.655	534.91	523.34	523.21	523.28	736.035	1135.275	1107.835	1079.8325	1002.055	978.7925	1000.8125	1044.575	966.5475	916.83	867.36	913.4725	1046.3375	1075.395	1105.97	974.8375	848.45	756.2775
655.9625	582.9125	554.3425	526.915	524.825	512.4975	734.9575	1111.23	1096.2925	1058.5425	1012.55	982.41	992.385	1026.2625	962.8525	914.9425	864.91	907.2325	1058.3475	1072.24	1087.82	937.0625	847.3925	762.895
645.2575	592.8275	545.3125	514.7075	539.68	517.815	735.8925	1114.8125	1115.095	1094.43	1007.8125	1007.8825	1014.7425	1033.315	1013.0225	929.365	912.6425	941.52	1089.7975	1092.4075	1075.4875	921.6	856.6525	761.3775
684.685	596.0475	560.465	527.6675	525.035	504.3925	641.3125	941.4	1124.9075	1244.6375	1175.4175	1125.405	1130.71	1146.23	1128.335	1045.995	1008.36	1016.81	1128.09	1072.8825	998.3175	851.7675	788.735	743.2525
691.12	644.2675	589.8375	560.0225	547.17	525.965	564.6975	751.355	1019.6675	1250.2925	1226.6775	1177.4325	1124.975	1124.325	1054.8725	950.75	902.8325	913.5025	1010.195	1005.395	989.1425	859.785	794.575	730.5725
630.675	578.655	536.34	531.9475	526.335	520.2025	726.75	1084.64	1102.555	1056.7475	1013.435	988.4875	995.14	1030.7875	974.215	930.15	883.7075	894.8	1040.5925	1088.0775	1099.275	946.8	854.325	757.16
644.7325	580.495	529.2225	510.655	513.42	501.4625	729.98	1091.465	1078.4225	1046.315	990.5725	958.8025	962.4225	1008.8525	977.8575	912.355	862.9825	890.7525	1041.825	1073.415	1088.86	952.62	865.005	764.565
636.4025	573.7125	534.16	511.505	509.28	506.9275	737.22	1114.63	1108.395	1080.715	1000.8	994.795	999.49	1022.55	999.3275	911.175	889.715	906.085	1049.8375	1096.245	1101.1	942.645	865.245	760.705
654.87	572.68	524.71	516.08	512.9025	524.14	729.6375	1088.905	1088.2925	1024.44	980.88	972.925	972.58	1041.445	961.845	900.145	1002.94	1073.3525	1057.8425	1086.0025	1079.83	942.48	869.7	754.8275
635.7975	561.99	516.035	504.4125	507.07	510.9025	737.5175	1075.34	1091.805	1057.2775	1003.3275	995.4575	995.61	1041.5425	998.1125	943.6125	926.0675	929.825	1059.71	1093.5075	1073.695	919.9375	838.3975	754.2525
656.5625	586.96	550.285	541.15	514.9625	489.6325	615.4425	904.9125	1075.0325	1207.5475	1177.8325	1140.8725	1133.55	1159.11	1098.2425	1019.1975	996.43	987.0275	1095.9425	1058.6175	966.515	823.935	758.22	735.6325
692.3575	625.1575	572.8225	552.6125	531.9125	517.2	545.755	689.37	927.83	1146.155	1178.535	1147.3525	1115.12	1107.94	1021.805	907.9975	864.9075	876.395	937.1575	969.1	956.7925	849.5325	781.2175	729.975
609.805	560.9775	523.28	496.065	494.8	501.8425	723.95	1051.38	1043.065	1025.81	980.4475	957.325	966.805	1010.985	940.9875	878.8925	844.3875	872.2925	995.2225	1050.84	1109.035	948.5325	847.7775	766.8325
634.89	568.9925	523.5475	527.53	521.1925	511.72	759.4975	1127.6425	1114.7575	1069.82	1023.0375	982.2125	981.685	1037.9725	969.3525	877.7375	846.9625	888.4975	995.0075	1070.4225	1103.0725	961.0975	845.8925	761.62
632.195	576.1325	515.9675	510.93	509.17	502.7875	730.0575	1109.37	1070.25	1031.935	984.075	941.2825	957.3325	993.0925	929.7975	868.4175	834.6125	880.275	1006.0725	1066.3575	1096.7525	926.3475	824.9	749.7825
644.785	566.1225	518.0025	507.69	503.45	497.155	738.0475	1108.79	1079.875	1014.895	979.1325	943.285	957.875	1014.9125	942.92	889.41	848.21	887.7675	1006.7425	1072.395	1094.51	953.0425	846.57	747.4875
633.985	565.335	513.3275	503.7675	503.275	505.8875	746.4	1115.9125	1120.8175	1058.8925	1005.795	996.225	993.03	1048.3925	989.81	940.3475	908.345	936.9175	1073.4	1089.5375	1087.9875	934.16	857.82	766.0975
666.96	600.2875	550.01	528.34	512.52	487.5325	639.1075	962.5575	1150.5325	1222.79	1172.5925	1137.655	1132.5475	1162.13	1114.6075	1043.18	1031.8	1006.8075	1115.845	1072.245	1000.2275	863.235	805.3725	758.89
698.5925	620.35	572.8225	581.175	553.5525	555.67	564.39	656.585	906.3	1117.87	1242.41	1193.4025	1145.38	1150.0375	1086.39	980.7725	917.1375	909.65	960.1925	1065.5325	1032.0925	914.8	784.0575	710.45
629.5925	582.9175	542.2225	518.67	525.1325	564.4375	754.1025	1034.715	1054.5575	1023.5525	1038.0775	999.0075	1011.1275	1049.8975	1011.705	925.1	887.4275	902.1975	989.8825	1099.225	1120.2575	989.17	893.2075	808.345
656.17	575.3025	526.855	516.125	519.685	539.7225	682.93	1046.9725	1101.905	1059.745	997.9425	973.9425	968.345	1058.275	975.14	907.4875	904.3475	922.9625	1040.7825	1096.4	1125.58	994.31	908.6425	802.07
642.2725	577.5725	540.75	514.425	512.9025	519.1225	707.0275	1081.31	1100.6525	1067.23	1006.98	1032.0075	1045.9325	1075.7575	1019.1275	973.8175	937.44	954.655	1083.9025	1103.165	1123.81	965.525	923.68	859.0025
739.1975	644.4575	608.67	598.0175	604.6875	567.6825	700.6725	1066.3575	1074.62	1059.805	1028.705	1004.86	1032.3925	1074.4175	1019.28	963.035	920.495	947.4625	1056.23	1081.97	1115.6775	960.8075	901.0175	872.47
736.905	656.46	630.3775	610.97	615.3525	570.5925	699.8575	1053.2175	1046.08	1061.655	1024.6025	992.43	1015.59	1042.29	1015.6575	925.5725	906.495	937.6675	1036.055	1057.055	1069.015	920.11	905.435	865.755
787.22	713.93	668.6875	653.905	661.3325	567.605	585.1875	862.4525	1030.885	1186.1725	1158.6675	1139.8225	1124.9275	1167.465	1140.025	1058.57	1030.0425	1046.865	1111.8875	1071.7	1031.535	880.76	858.2725	865.435
800.7725	725.8175	672.31	644.115	630.8075	559.8375	498.2925	703.7375	983.405	1261.75	1298.2375	1248.6225	1193.4775	1178.6425	1127.6375	1026.8825	980.4025	960.59	1029.495	1028.9325	1051.1775	908.8525	892.395	854.7075
751.7325	686.435	663.4825	635.785	636.9275	585.04	715.415	1095.0775	1097.5975	1136.0325	1097.1325	1077.2475	1086.99	1086.39	1068.42	1008.78	964.2475	976.335	1083.0975	1132.51	1145.9675	986.375	940.77	916.16
756.37	672.3725	635.3475	626.185	630.48	572.23	725.3875	1108.8125	1130.4175	1123.975	1080.8475	1098.9375	1080.1675	1122.2775	1054.555	998.7125	968.3975	969.395	1102.3675	1119.305	1136.315	1000.7275	927.425	856.94
729.2075	642.5825	622.2975	588.8725	595.8525	559.9825	721.0825	1113.325	1101.3525	1089.575	1048.34	1021.8675	1037.5725	1084.9725	1034.795	983.35	928.4425	946.1025	1079.5325	1100.3325	1126.995	980.63	920.87	868.2875
753.63	670.7	618.015	608.57	619.18	569.8225	735.3325	1120.0775	1117.5575	1109.805	1041.455	1033.295	1045.1025	1081.6	1039.0175	983.69	943.795	970.3025	1088.785	1129.035	1149.29	970.6575	921.7425	866.8025
748.6275	670.42	619.04	611.1875	622.29	571.8275	738.575	1104.1125	1091.3525	1106.735	1060.6875	1037.5775	1064.6675	1069.9425	1044.9975	975.6175	955.5875	975.685	1095.0725	1104.4175	1106.4575	946.8275	920.4375	847.265
767.1	680.475	631.9425	616.2325	627.4275	555.32	608.3275	914.1625	1097.1375	1245.175	1192.13	1155.825	1164.185	1174.4375	1142.75	1090.005	1050.0975	1067.4825	1141.4025	1087.225	1039.4425	874.72	843.8175	821.425
793.1275	710.7475	645.755	630.0525	630.79	574.9075	529.4	725.5275	1001.175	1239.79	1231.22	1196.4825	1151.0925	1140.385	1092.615	989.9225	947.8675	970.6525	1012.6475	998.195	1017.095	888.6225	870.625	818.34
709.8675	643.0125	622.955	606.305	609.2225	567.47	722.71	1097.1625	1099.715	1113.505	1085.2275	1069.345	1012.0625	1065.4075	1026.3825	962.2875	938.87	948.06	1041.9075	1016.7525	1058.98	1036.1275	890.21	874.0725
775.635	698.745	650.165	633.34	642.2325	572.25	632.4125	1010.005	1010.115	1040.405	1012.6275	1000.1625	995.2825	1057.69	996.9725	946.8375	930.2675	955.795	1050.1975	1087.1325	1118.0875	990.805	928.545	916.195
821.2025	727.0875	686.05	679.485	694.8825	594.9675	742.95	1128.5175	1095.1175	1091.3575	1038.8525	1035.28	1026.1175	1077.0725	1038.0975	968.0075	936.335	966.4025	1077.0425	1111.5775	1129.775	965.5275	916.1525	875.575
768.0325	673.6525	630.8075	618.935	632.195	572.14	725.285	1049.28	1109.78	1121.235	1088.425	1057.7525	1067.41	1089.235	1036.055	986.525	951.99	973.785	1093.95	1099.5075	1103.355	949.975	915.65	863.095
746.04	661.3625	612.4925	599.305	607.7825	581.555	692.2425	1002.46	1089.6125	1150.57	1094.2025	1070.6475	1084.89	1102.985	1068.3475	1003.355	989.325	1008.96	1090.3575	1092.7975	1075.705	910.9775	900.24	848.7175
749.2075	669.36	623.5725	612.8175	610.8525	557.2025	565.685	824.53	1027.72	1214.175	1201.4225	1140.6025	1119.175	1166.5325	1107.0875	1051.3975	1016.88	1027.535	1110.69	1046.405	1003.8675	876.835	865.4375	826.075
784.1825	694.3175	639.4975	612.955	623.77	591.1075	553.1175	724.4175	1034.3375	1254.685	1276.6425	1219.135	1014.19	905.0825	935.285	911.2275	897.14	903.7825	929.885	913.215	916.2125	802.525	783.9725	800.015
731.31	673.4675	612.4975	607.9375	608.495	538.1625	513.5225	652.94	905.665	1170.49	1225.7275	1164.2575	1083.2525	1041.6225	985.0425	947.2425	888.7875	880.505	938.75	907.69	916.555	820.555	783.26	800.35
693.54	629.885	597.0725	590.2525	601.5275	551.81	635.26	912.7675	1010.64	1090.9925	1066.895	1033.0575	1044.8475	1080.6975	1004.45	957.65	912.655	924.6875	990.505	1035.5575	1076.95	931.7625	877.3825	850.675
748.01	647.5625	608.4925	599.8025	607.41	553.945	633.5175	922.0675	1041.955	1127.3625	1095.545	1040.1725	1033.1575	1073.7525	998.74	939.23	927.6975	928.745	1023.1175	1071.7925	1079.0925	919.66	885.9625	856.6375
738.24	659.005	608.215	598.5575	607.56	560.02	673.1725	961.2	1046.56	1114.055	1077.3275	1048.4375	1062.4775	1068.3325	1024.7425	978.06	952.845	971.9025	1065.92	1072.0175	1089.5375	914.61	885.6	864.495
762.7875	677.8925	616.7825	599.935	600.635	531.5225	540.395	786.42	1027.815	1253.11	1245.8825	1198.1425	1147.045	1126.165	1067.4425	983.1375	964.235	966.075	1053.845	1043.15	1001.97	857.3075	827.37	841.7
749.305	682.785	640.4625	628.7525	618.1125	578.725	575.965	792.245	999.7425	1222.5025	1200.7825	1155.795	1148.795	1159.165	1107.3825	1046.075	1014.8325	1033.79	1130.5225	1088.0775	1026.92	852.4725	831.945	822.0475
777.155	697.555	644.105	618.405	619.5675	532.6825	516.82	711.39	965.095	1203.285	1191.065	1163.485	1129.7025	1134.6125	1095.7975	986.0375	949.37	977.085	1007.955	965.125	960.4775	859.34	827.1025	803.865
718.6625	642.8575	605.34	606.29	606.195	559.1775	698.295	1022.35	1024.5825	1023.01	1004.565	965.73	979.96	1039.7125	970.715	908.0225	870.205	883.635	1007.79	1022.0475	1075.625	955.645	873.81	840.12
722.6925	644.785	610.07	599.6175	604.3075	560.3425	712.085	1053.715	1038.7675	1037.6175	1017.65	982.2025	1029.69	1050.0375	999.815	941.3375	904.1575	926.3125	1037.15	1058.1075	1109.485	973.2925	919.2475	880.43
736.3025	664.335	617.5425	613.065	623.935	565.27	721.52	1078.325	1059.95	1058.8975	1015.97	1004.6225	1023.25	1067.2175	1027.4475	943.55	919.2325	946.1125	1023.73	1041.73	1057.2975	906.055	858.84	839.4175
762.1575	682.82	641.4275	623.3725	620.1175	532.84	524.4925	745.605	1006.3675	1244.7575	1277.0375	1231.4075	1161.8475	1126.0175	1048.145	985.805	948.1925	918.76	995.505	1012.6775	993.7075	870.645	829.1575	850.795
740.1375	662.8225	637.5575	622.61	633.4075	615.38	649.8425	964.3125	1016.28	1061.4525	1016.39	1008.5	1008.9975	1040.085	988.77	937.36	895.8775	913.33	1014.8175	986.5525	1008.4775	901.9075	845.89	840.57
746.17	660.5525	630.75	616.35	609.2625	550.25	576.165	845.065	1015.19	1172.215	1147.4125	1117.69	1104.88	1162.43	1112.455	1042.1075	1021.055	997.355	1097.795	1070.17	988.8025	872.7525	840.735	833.0825
787.5125	697.1125	653.58	633.2	639.7725	550.1975	513.67	716.1225	981.2325	1251.91	1253.3575	1222.6625	1167.675	1145.94	1105.955	995.38	943.5575	932.2475	990.325	988.32	1009.655	920.3075	885.685	839.75
756.3425	669.5925	646.0925	629.345	631.71	613.985	766.6025	1101.77	1116.175	1109.915	1070.7275	1041.4525	1058.8675	1100.35	1036.53	962.7075	914.02	940.145	1027.85	1084.4525	1147.52	991.365	914.055	888.6025
770.415	667.1925	627.6075	616.445	627.7325	595.5	754.9775	1108.6225	1116.0925	1105.4525	1037.0675	1047.535	1033.7375	1069.76	1028.9275	970.7975	950.265	950.365	1066.225	1090.46	1121.815	993.2725	930.0575	894.56
770.1325	670.67	628.0625	625.915	633.0575	587.7075	753.73	1076.5	1094.36	1085.375	1014.8375	1034.36	1020.4725	1085.79	1021.7975	949.2875	921.955	927.2475	1068.6125	1110.82	1127.395	983.66	947.3775	870.885
775.0675	695.1075	631.025	630.3425	638.325	590.4125	741.9975	1098.7175	1119.9075	1096.7125	1056.3625	1033.805	1042.97	1076.825	1022.275	980.13	957.9925	968.425	1093.4275	1113.58	1124.8	1001.835	945.8875	912.94
776.7775	683.0925	648.305	629.23	634.87	595.0425	770.6525	1123.73	1124.42	1115.48	1069.5125	1073.795	1072.11	1089.235	1056.425	1015.515	982.5825	1026.445	1130.6775	1148.7825	1143.6625	966.76	941.6775	898.92
799.5425	706.985	659.83	645.28	640.0525	579.3075	661.7325	942.9625	1129.4575	1259.85	1214.5675	1192.08	1182.3675	1176.2575	1147.43	1078.145	1060.25	1110.045	1170.3175	1132.2825	1041.9575	877.045	872.4525	889.0425
826.465	751.35	701.0725	670.1925	681.425	627.4	590.4925	780.385	1055.165	1260.38	1254.1825	1212.505	1153.69	1119.84	1081.985	987.48	966.1875	982.5375	1035.195	1004.8525	1018.915	921.7675	900.645	875.5775
750.65	698.855	650.0425	638.44	639.94	612.145	777.18	1125.2175	1112.9125	1113.825	1100.48	1048.965	1051.33	1101.565	1036.545	982.4775	940.91	957.865	1088.785	1121.535	1127.2925	1002.51	941.1075	878.49
760.3425	682.895	641.4625	642.3625	634.32	598.465	752.2225	1078.3125	1083.66	1087.315	1078.1725	1043.8925	1060.6675	1095.2625	1045.055	948.68	893.1525	950.7025	1052.65	1035.3925	1107.0025	963.1	895.06	838.5475
736.3075	669.945	621.09	612.4875	622.785	605.18	773.325	1139.5475	1112.9825	1093.8175	1075.6925	1036.9525	1044.4575	1087.0225	1038.4925	994.155	954.9475	987.885	1114.475	1124.4125	1118.1125	975.7675	921.57	862.41
785.6775	673.5675	636.095	622.3175	625.8125	601.385	797.0825	1131.935	1116.805	1124.2875	1075.5425	1067.89	1060.9675	1093.9475	1039.1175	984.1225	969.58	1013.6575	1149.06	1171.2825	1165.0125	1020.05	956.085	902.755
803.665	701.35	648.945	641.3475	645.17	617.82	773.6275	1114.4525	1093.745	1089.9425	1045.51	1028.5325	1039.935	1087.7425	1064.2925	1015.8125	988.29	1027.155	1143.025	1163.6075	1144.1575	956.3475	926.59	880.735
778.565	704.795	649.035	659.325	642.04	594.965	664.95	950.0525	1113.5275	1252.825	1239.6675	1204.1375	1199.485	1188.665	1170.405	1104.885	1074.4075	1107.3725	1211.895	1160.4575	1082.1	918.2	891.37	919.845
841.3225	754.64	714.89	673.1675	675.2525	631.055	619.285	805.3575	1074.3475	1310.37	1289.7825	1213.8125	1169.9175	1145.19	1059.7725	1007.955	979.915	993.0975	1087.0625	1102.785	1082.4975	945.2625	920.5925	872.9525
771.215	705.0975	658.995	663.9025	659.2175	650.355	790.185	1130.055	1124.705	1134.5225	1102.545	1093.125	1104.9675	1099.6625	1039.5975	976.075	934.5925	960.495	1087.5425	1106.2	1145.3075	1014.255	931.98	865.8875
757.6525	669.2725	638.4275	623.66	636.365	617.5875	785.32	1137.945	1126.9775	1081.58	1076.985	1063.865	1066.1675	1102.6975	1033.01	1002.5125	965.0875	989.5825	1139.8575	1175.4	1205.0375	1065.035	984.3925	920.1775
795.0475	704.74	671.0325	660.5425	665.61	636.7575	811.01	1170.8575	1146.235	1126.3775	1069.5575	1050.52	1064.39	1083.0125	1041.465	996.855	985.5675	1007.6025	1156.43	1190.86	1195.61	1069.8275	993.205	928.235
795.71	738.4375	703.0225	688.6525	697.33	644.8125	808.3825	1176.14	1138.37	1140.59	1118.67	1096.035	1081.66	1106.53	1057.04	1022.125	989.1725	1029.085	1151.6575	1148.025	1164.06	1018.735	976.5375	942.3175
814.1025	714.53	681.3225	662.92	675.1625	635.5825	800.5125	1185.7575	1169.1275	1128.585	1075.1275	1051.69	1082.2275	1097.6525	1061.015	1032.65	985.8025	1053.2625	1159.3675	1163.2675	1140.95	976.57	951.835	937.735
824.2575	727.395	685.125	671.56	670.2625	612.9	702.1125	975.2825	1167.4325	1288.2925	1248.2	1208.78	1216.195	1186.13	1147.9675	1103.025	1073.06	1115.7025	1206.1825	1170.205	1124.0275	944.0275	934.8125	973.2375
896.5925	805.3625	759.0975	747.7125	728.7875	658.1875	649.895	844.8225	1105.03	1285.8925	1266.725	1202.795	1157.455	1128.7575	1060.465	991.8	989.8375	1006.89	1113.09	1106.2975	1089.0975	975.5775	955.1175	909.955
831.075	745.5525	708.92	684.2325	691.7525	647.795	755.3375	1004.9	1023.3375	1100.39	1075.1525	1062.7675	1046.5125	1101.91	1021.1175	964.7575	955.7625	931.8925	1030.9525	1057.8125	1112.265	1000.97	952.895	876.3425
761.2775	690.69	655.2025	638.34	641.8975	610.3775	769.85	1106.1125	1099.09	1099.3425	1064.2425	1067.8575	1071.1425	1108.39	1028.5375	982.475	959.3825	961.085	1098.7925	1095.48	1136.07	996.69	940.44	907.535
799.245	702.615	657.665	645.1075	652.2825	615.7375	799.44	1104.455	1126.015	1119.5225	1069.94	1080.5525	1098.5	1101.2125	1062.74	1025.1775	951.5425	985.875	1087.76	1139.3425	1166.3375	1035.6	982.5225	930.1175
843.42	713.1075	660.1625	651.7025	652.605	614.7775	793.3625	1114.9025	1115.395	1088.6975	1040.42	1047.7275	1039.2625	1086.17	1043.345	984.8425	973.9825	1021.3275	1118.4675	1148.2725	1120.09	1003.165	947.4075	930.2125
788.385	732.005	657.17	648.9425	651.89	622.25	784.6575	1119.2125	1125.925	1142.17	1078.655	1052.5475	1091.725	1113.95	1083.14	1025.2675	991.5825	1015.885	1107.06	1088.055	1094.61	934.94	919.745	915.5125
801.03	702.9475	664.8775	647.7175	661.51	595.205	656.8725	945.0925	1081.7975	1190.11	1173.395	1136.345	1138.31	1167.6575	1130.34	1077.13	1052.3425	1041.4675	1102.975	1076.2025	1039.1575	891.5725	884.62	880.2725
820.9575	747.6075	700.7225	662.32	652.4	580.7725	590.6825	795.47	1030.945	1240.5275	1233.08	1176.3175	1155.7375	1140.625	1029.64	990.13	943.7325	932.4875	1013.635	993.93	996.3375	897.6125	874.04	884.6775
827.1675	731.515	669.3425	661.1325	662.6825	587.3175	581.8725	778.7825	1024.9925	1250.0125	1230.84	1188.8175	1157.115	1129.9375	1050.64	990.3275	985.0575	1011.58	1130.9825	1131.11	1138.0025	1000.23	943.02	959.39
829.3425	735.265	695.7725	674.195	681.8775	655.2975	813.395	1162.555	1142.8875	1155.0725	1104.885	1076.5625	1109.495	1108.66	1035.11	994.27	956.15	989.365	1110.955	1083.1075	1103.6125	979.8725	951.575	909.445
800.3775	723.8325	669.67	656.665	659.025	635.795	816.725	1131.135	1115.915	1117.1225	1051.005	1087.3975	1088.9825	1107.2725	1049.22	984.6775	958.405	985.395	1112.77	1144.96	1151.2825	1005.145	965.225	948.9125
795.17	719.605	666.0725	653.385	670.2225	650.5025	804.44	1139.4725	1135.45	1124.335	1063.59	1084.3125	1063.39	1109.5725	1047.525	994.02	982.93	1014.705	1155.15	1175.66	1172.1625	1042.9375	1001.3325	957.6975
836.63	745.625	711.1475	699.39	700.905	650.6325	816.335	1160.0725	1154.47	1133.655	1075.9175	1091.38	1081.6525	1116.2875	1058.5625	1031.6225	1016.27	1065.195	1179.385	1202.09	1182.73	1039.8825	993.175	979.2325
873.935	754.19	726.7425	730.79	716.55	692.1075	733.01	991.93	1171.2175	1267.245	1226.6	1197.6525	1187.15	1201.6975	1159.9125	1100.735	1112.645	1148.7825	1206.9175	1190.725	1139.875	988.3225	967.775	996.2525
916.69	839.5025	777.9325	757.115	757.5575	699.435	657.8025	866.175	1098.06	1271.65	1253.2475	1221.01	1185.3225	1152.6725	1062.2225	1003.895	1019.505	1063.9475	1174.545	1179.8525	1178.865	1049.0075	1068.985	1046.3825
909.4425	786.0825	767.4225	739.635	758.86	718.2325	840.4875	1118.905	1180.615	1194.075	1160.59	1160.1825	1148.3675	1156.315	1081.6125	1022.07	1029.8425	1087.315	1188.65	1227.375	1271.8725	1169.9875	1096.8725	1079.775
917.625	816.405	779.09	753.3675	747.875	728.505	857.8	1161.1675	1198.14	1211.7325	1125.88	1110.25	1127.9775	1143.7725	1081.84	1008.0175	1019.08	1058.84	1195.9325	1243.3125	1287.9	1217.1975	1134.16	1102.095
918.35	797.99	737.875	724.43	730.54	709.2875	860.9725	1187.035	1208.4425	1202.1025	1151.0275	1110.4	1145.6	1147.1375	1068.205	1033.375	1032.3625	1082.005	1201.125	1256.1775	1294.075	1211.36	1133.9225	1094.345
928.51	817.7825	751.69	748.5525	756.975	736.46	868.175	1178.5875	1195.4375	1217.765	1163.115	1124.13	1132.17	1153.5375	1077.7025	1012.2825	1027.2425	1077.1075	1204.845	1238.0125	1268.415	1174.1175	1097.1125	1048.6925
923.6575	798.735	748.6575	728.4975	729.535	708.225	834.84	1140.2925	1177.4325	1197.67	1127.9175	1111.485	1113.7325	1152.5225	1088.4	1023.3125	1053.725	1083.34	1213.5375	1214.2325	1253.345	1120.0275	1063.5075	1037.7325
922.4375	823.0625	751.915	707.9325	705.99	658.08	665.49	893.645	1109.4025	1267.515	1250.7425	1186.125	1183.8325	1203.935	1155.0825	1080.8775	1078.5375	1076.98	1120.945	1071.7525	1039.985	928.7025	903.45	940.865
841.4675	787.24	816.2425	718.62	703.5425	634.6875	597.325	749.7175	949.11	1215.3475	1247.06	1189.215	1173.9775	1172.235	1098.93	1031.4975	984.0875	997.98	1060.555	1007.975	1023.6975	972.465	946.415	941.765
859.7075	753.23	713.0975	697.99	727.595	679.6925	791.61	1084.7275	1141.8775	1119.2	1071.43	1055.89	1061.1325	1113.065	1038.2675	968.5825	960.3	964.0925	1065.6675	1071.9975	1153.045	1083.4575	998.4475	951.9075
836.3075	754.675	690.99	676.87	685.52	675.0575	805.9825	1081.3325	1154.75	1136.7925	1108.07	1073.1575	1065.125	1121.88	1057.225	979.085	1002.3975	1016.145	1123.61	1149.2275	1201.6675	1122.1875	1036.355	987.635
852.3975	767.4975	707.1875	695.7875	706.2475	694.74	825.1675	1114.11	1159.2225	1162.3225	1098.0575	1074.165	1059.25	1115.035	1064.73	990.9075	999.0825	1022.84	1134.735	1176.4025	1220.99	1121.2425	1059.145	1041.685
863.32	766.8275	721.1875	703.51	707.105	688.35	827.8125	1135.43	1176.68	1144.22	1113.035	1118.38	1091.765	1122.22	1067.455	981.97	997.145	1037.9175	1162.4375	1169.0575	1184.8425	1077.0725	1039.665	1002.035
874.9475	775.385	739.0725	711.0725	726.6625	709.615	824.7275	1120.445	1163.8675	1188.5275	1121.46	1109.9525	1099.1425	1140.5	1097.685	1047.4025	1052.1225	1163.58	1139.8425	1058.12	1227.11	1102.5325	1037.575	1018.515
910.8275	804.07	742.085	737.2225	736.6775	688.305	695.985	925.265	1117.59	1265.9775	1250.845	1193.9475	1181.63	1189.8625	1130.01	1085.26	1083.185	1102.1525	1205.99	1136.875	1123.2025	1006.3825	934.445	993.115
935.4725	832.735	764.135	746.6125	745.35	672.5525	635.3475	833.2525	1049.4425	1263.0825	1281.7925	1225.3725	1175.69	1169.7625	1062.9075	997.36	1018.5625	1056	1129.3825	1149.915	1154.67	1051.0825	1032.9625	1024.2625
901.355	816.325	751.72	738.0475	750.7425	713.085	829.48	1127.89	1172.9475	1204.2825	1154.7225	1124.79	1109.7375	1160.1275	1080.405	1012.405	1017.7375	1061.5075	1161.7275	1199.275	1272.5	1162.885	1100.455	1040.54
917.73	800.925	757.1825	743.495	741.4975	718.945	856.425	1133.455	1184.2175	1218.825	1150.13	1104.56	1135.01	1151.7575	1064.1625	1012.935	1023.69	1126.9175	1111.775	1045.525	1221.7775	1138.3975	1056.825	1019.8
906.8025	795.2025	747.42	744.0075	761.2375	695.2175	806.69	1108.2975	1154.85	1169.9525	1086.9325	1055.6175	1053.4925	1086.59	1015.6675	963.9825	956.6675	972.1775	1068.7775	1074.625	1121.4225	1053.4975	1008.31	964.5875
870.135	761.745	720.045	706.935	705.6725	710.5775	790.1325	1041.27	1109.5925	1121.585	1077.9575	1044.5625	1075.24	1097.7525	1011.245	953.5775	972.765	987.4825	1128.5975	1107.8725	1150.76	1065.1625	998.5025	966.1475
859.1275	754.2175	702.855	700.34	710.185	703.2175	793.51	1080.9	1138.0775	1164.8325	1103.19	1082.4625	1115.4875	1146.7575	1071.3975	1045.29	1023.98	1057.37	1163.9625	1176.795	1188.2425	1071.1925	1026.785	1000.83
912.5675	802.4325	746.145	741.6175	729.7725	676.27	723.5825	953.35	1113.7975	1276.695	1253.7875	1194.12	1190.6125	1196.93	1127.455	1086.075	1065.64	1113.93	1177.0825	1139.98	1095.78	1039.5325	979.4225	990.0175
936.995	846.3575	781.67	759.6275	748.1725	666.8825	643.7775	863.065	1050.695	1254.235	1257.1525	1185.615	1142.2025	1139.425	1048.56	978.4125	992.0425	1029.2825	1106.265	1041.7525	1013.16	948.5725	911.185	948.48
835.5625	765.19	737.32	721.71	723.97	684.4425	780.2025	1033.245	1097.73	1151.2225	1120.2475	1050.285	1074.0075	1127.9325	1045.865	988.2275	991.1325	1024.28	1131.5575	1145.405	1201.6525	1139.8425	1050.7425	961.1975
879.0325	762.79	714.1675	714.175	723.87	688.05	823.0975	1115.44	1157.42	1155.875	1113.045	1090.2475	1068.5075	1114.8675	1066.68	984.6775	996.2275	1045.6125	1139.5775	1162.9775	1199.1875	1110.24	1020.02	972.075
875.4275	777.925	743.07	729.69	733.51	714.9025	818.785	1109.085	1156.7125	1172.6325	1116.0475	1083.4775	1079.685	1124.075	1066.765	997.3125	1013.015	1061.3825	1169.2925	1183.53	1208.0175	1110.3625	1062.055	1000.13
890.7075	773.3	739.3675	727.11	729.8775	707.095	838.63	1119.875	1161.1325	1194.7325	1107.04	1083.2125	1081.03	1106.315	1046.86	1005.275	998.28	1057.7	1176.9475	1192.735	1235.06	1130.585	1079.905	1036.555
909.1225	789.04	740.95	741.615	761.52	723.7475	841.1225	1131.335	1142.4625	1174.63	1109.4825	1117.355	1106.4175	1122.88	1070.24	1030.255	1014.275	1058.3475	1155.2175	1173.5975	1192.0725	1087.7575	1005.065	970.6825
925.04	806.17	758.4925	737.1225	735.6325	680.415	725.6775	924.3575	1108.2725	1269.2475	1230.8975	1169.75	1167.03	1183.1525	1121.44	1062.9025	1076.095	1133.6975	1187.46	1147.835	1157.6225	1029.025	985.0325	996.205
930.48	853.2675	796.1375	768.29	759.245	681.3725	672.6725	859.9175	1055.11	1265.1875	1270.2425	1209.115	1176.2775	1144.1625	1057.3725	1005.2575	1005.0775	1061.3025	1145.2675	1147.51	1158.185	1069.08	1044.2	1045.8
911.01	820.11	786.255	745.5675	755.9475	726.02	841.58	1086.57	1136.13	1189.415	1151.815	1108.2275	1121.4975	1136.5175	1074.57	995.62	1036.0875	1061.59	1148.9825	1151.555	1209.19	1119.2175	1063.935	1004.9075
897.075	805.1325	775.3175	747.79	747.65	716.0675	811.725	1054.09	1119.3775	1156.34	1085.665	1052.5125	1074.33	1097.1	1017.5175	979.57	966.27	1001.815	1082.5775	1082.8325	1149.815	1084.8325	971.805	968.6525
900.3025	779.3975	744.2	741.585	742.965	726.5225	815.73	1072.86	1119.7875	1133.3525	1085.8	1087.865	1090.825	1127.6675	1047.995	958.8425	975.7275	998.895	1076.15	1071.7975	1102.2575	1033.0925	933.175	926.225
872.755	803.9725	730.3125	723.6775	729.4075	692.445	740.245	974.8025	1026.295	1059.015	1045.3775	1014.2625	1052.2725	1092.5	1016.9075	965.6175	954.4925	1004.175	1079.9575	1049.555	1095.28	1019.6375	967.8775	933.4325
864.0925	774.435	721.7175	719.19	717.0575	689.065	784.31	1023.02	1081.545	1141.3825	1083.3825	1064.865	1070.3925	1116.27	1071.065	1024.725	1017.97	1029.49	1123.9075	1122.655	1137.7925	1036.715	1006.51	979.1975
890.8575	821.325	757.8075	740.8225	736.285	670.5575	698.0375	894.92	1053.365	1211.645	1216.96	1180.86	1164.6975	1173.3275	1106.2925	1057.7725	1031.1	1042.735	1099.05	1005.13	993.195	908.6975	860.24	899.3275
881.62	796.2325	756.96	727.2525	719.72	645.0375	597.16	729.51	931.7075	1180.9325	1225.81	1194.055	1168.5825	1161.055	1097.7	1017.3325	1010.89	1020.3025	1096.49	1074.16	1083.7725	940.385	908.0425	949.355
910.0375	783.02	733.5	742.0275	731.27	674.77	764.335	1011.345	1066.6375	1126.3975	1116.72	1080.045	1091.815	1144.4675	1057.6225	1003.9625	970.495	973.775	1074.725	1046.635	1125.12	1048.735	988.9	965.6875
857.8825	765.15	717.595	716.7675	716.48	677.4825	793.7575	1085.09	1137.3125	1171.7225	1119.4475	1065.4925	1084.4375	1146.4025	1073.895	1013.84	1012.1675	1033.91	1134.7	1111.1375	1156.2525	1127.5425	1075.43	1030.8025
901.765	828.4925	755.66	740.415	731.49	710.7425	813.18	1096.315	1152.7575	1190.3025	1135.2725	1095.1575	1096.7975	1135.9425	1064.395	1025.83	1009.8225	1066.2	1183.3275	1204.6325	1244.64	1143.545	1100.4125	1050.95
933.525	813.0775	763.7425	755.0225	750.295	715.455	838.53	1109.2025	1143.9875	1201.325	1134.885	1099.5125	1112.3575	1144.31	1080.07	1010.5225	1014.9775	1067.555	1193.9875	1230.8875	1244.195	1147.5725	1105.195	1048.565
937.135	832.8925	776.8875	761.98	767.4025	741.6	847.625	1115.905	1156.92	1185.105	1155.67	1132.4325	1136.0875	1141.9175	1073.475	1014.655	1036.8875	1081.2625	1200.99	1204.2975	1214.945	1107.925	1065.06	1025.2325
936.9825	837.6075	792.8475	773.1075	778.1675	723.48	764.21	965.2725	1141.105	1265.1825	1235.7825	1199.58	1178.06	1175.9575	1108.2125	1050.5825	1056.7175	1109.305	1189.9375	1182.98	1160.0475	1029.315	1016.745	1014.5525
965.315	892.6875	822.075	792.425	786.1825	717.68	707.4975	882.71	1075.44	1258.315	1252.505	1212.5725	1167.0925	1147.655	1056.495	969.915	1006.9275	1054.76	1115.695	1065.7275	1069.98	991.2375	974.5425	1008.8975
904.7375	825.285	789.955	766.425	788.9475	717.3025	808.625	1060.1675	1081.51	1113.44	1103.92	1054.435	1064.5025	1125.8825	1045.99	997.86	979.805	1009.57	1076.585	1066.625	1110.1525	1034.0175	985.9	957.5
883.435	791.3475	746.44	739.4475	756.86	707.855	807.2425	1059.8125	1108.195	1160.735	1104.35	1068.9425	1085.9375	1138.22	1072.88	994.0825	1001.61	1026.93	1162.5125	1183.68	1206.9725	1117.1975	1051.5275	1027.14
919.41	833.0525	790.7775	789.9125	788.5875	728.85	821.645	1076.285	1114.495	1154.68	1145.32	1118.085	1107.2	1137.435	1076.08	1023.985	1013.38	1066.8575	1188.6525	1210.46	1221.06	1111.0675	1066.45	1056.03
941.285	851.98	814.26	802.9325	798.1225	747.1525	836.7225	1081.145	1110.145	1141.255	1083.0975	1052.035	1073.7175	1087.5175	1030.8125	972.855	959.74	1010.76	1106.04	1078.245	1103.6725	1019.36	974.8625	966.0075
885.4825	804.9625	751.345	757.49	760.3075	713.19	804.7575	1061.5025	1111.665	1166.4475	1131.7675	1097.3575	1102.6275	1140.3225	1081.8175	1043.6475	1071.565	1054.845	1156.6375	1169.1825	1143.0475	1031.955	993.48	985.045
951.12	841.5625	795.2575	772.2275	774.1525	704.5875	696.6675	862.13	1052.17	1159.81	1169.6775	1154.545	1148.9175	1188.9625	1139.2675	1055	1011.0075	1015.5675	1102.0225	1020.5575	984.5125	893.23	892.1375	952.735
907.3075	825.0025	783.165	754.0925	750.4325	662.635	613.985	790.0875	963.6525	1211.785	1243.2125	1179.7575	1151.3875	1174.8075	1082.6875	1025.9225	1041.6525	1023.57	1083.1475	1033.185	1049.195	989.695	963.9125	976.5475
897.8625	815.0075	765.325	752.86	746.105	716.225	804.7	1030.065	1109.1825	1173.255	1151.5475	1114.225	1127.85	1132.33	1068.39	1029.17	1013.4825	1045.13	1153.5375	1152.9375	1174.1275	1076.02	1015.335	988.2775
900.68	807.77	764.1175	750.6625	757.0825	725.4825	788.175	1038.1175	1082.48	1139.09	1102.5625	1081.7725	1081.3275	1128.2025	1074.205	993.425	1004.51	989.07	1080.095	1063.0575	1103.7975	1021.305	977.905	954.75
876.89	787.6225	773.4525	723.6125	728.92	671.685	776.9925	982.415	1010.4825	1092.2725	1084.4375	1077.165	1076.5225	1130.5525	1074.3175	982.36	957.34	989.7525	1070.73	1067.7975	1104.7475	1028.1675	992.335	964.9175
871.735	790.3175	768.76	739.1425	728.2625	692.4425	787.695	1007.7475	1101.99	1164.5275	1114.4175	1117.7825	1107.9325	1131.7	1077.91	1011.43	1005.7625	1047.09	1125.9675	1158.425	1144.1625	1052.1425	1028.1925	1027.5325
939.8475	828.86	810.0575	784.29	758.4675	729.315	816.755	1062.595	1111.8775	1181.625	1151.8875	1105.7125	1101.2175	1138.395	1090.935	1055.195	1054.0125	1056.675	1136.1625	1129.9425	1152.8025	1036.5375	1018.785	1011.5925
939.885	872.265	811.1975	791.675	782.86	704.905	728.6925	915.875	1079.2425	1242.1475	1222.98	1174.12	1171.705	1183.7975	1108.4625	1053.015	1055.565	1095.4475	1175.2975	1109.7025	1082.915	961.0475	946.6075	1000.13
970.1575	882.45	839.7625	819.93	802.1625	706.985	665.9825	812.8025	959.4475	1175.345	1205.85	1187.4	1158.64	1162.2125	1083.38	1008.33	964.0775	966.3425	1041.745	967.86	978.84	907.7675	901.4625	982.52
900.235	818.9	797.1725	791.1175	790.245	717.4825	781.5225	1007.0675	1096.23	1160.745	1117.5675	1079.935	1083.2075	1128.4475	1058.2675	994.78	1004.535	1008.0425	1092.3675	1119.37	1152.7125	1045.925	1007.5075	1015.615
914.415	834.7325	810.4875	812.9725	790.0525	736.695	788.7125	959.4425	972.13	1091.6175	1103.435	1064.5025	1071.5375	1123.86	1050.6725	1001.415	998.55	995.375	1066.0025	1069.5575	1101.2425	1025.6925	988.1225	978.49
909.5725	823.815	787.685	752.86	773.315	688.16	769.9925	1031.4775	1095.775	1161.085	1158.1875	1144.76	1126.7775	1132.42	1055.74	1022.71	1020.4175	1015.4475	1106.875	1118.81	1123.3525	1022.8825	1017.2025	987.05
909.7475	826.895	792.955	765.1325	768.2325	710.1525	781.46	1013.0625	1084.12	1172.445	1112.4875	1089.9625	1112.8825	1111.4425	1047.555	1014.735	997.2925	1027.4625	1132.5725	1112.0225	1155.23	1046.7	1007.575	1032.8725
942.0825	850.7925	808.6875	806.835	807.5525	737.7	796.06	1021.7725	1096.8925	1157.6525	1127.02	1091.1725	1114.125	1136.8775	1073.255	1023.235	1040.2425	1059.4575	1145.7225	1159.69	1148.645	1025.6925	984.99	1013.91
947.2275	874.7325	846.545	834.88	812.2925	739.8425	752.37	919.0275	1081.805	1233.8975	1215.855	1166.0925	1166.07	1160.81	1088.8675	1056.8125	1041.1925	1103.4775	1177.23	1126.1475	1095.3325	957.6525	954.25	1033.34
973.2	898.175	844.78	833.0475	815.5975	753.7125	707.9625	854.2125	1016.465	1237.795	1230.7725	1174.55	1150.175	1130.1225	1049.285	979.89	991.54	1044.455	1122.565	1093.1675	1084.645	981.1225	972.9525	1020.56
933.9825	857.95	842.975	809.89	805.8375	739.705	783.5675	980.6575	1068.6375	1213.675	1239.8075	1113.355	1133.8975	1149.5075	1073.6275	1034.1825	1041.485	1058.695	1140.54	1158.2025	1161.8375	1057.155	1011.7875	1026.2675
938.1925	859.8875	814.405	791.315	821.4425	757.3825	774.2125	991.09	1089.085	1195.985	1162.6825	1126.765	1125.8725	1135.8925	1062.4075	1004.62	1060.98	1069.335	1155.5075	1163.96	1179.99	1063.0125	991.34	1049.2725
966.5325	872.4725	832.295	823.455	811.28	752.625	802.17	994.785	1119.195	1203.5025	1157.3525	1096.15	1109.1275	1115.3225	1081.3325	989.6	988.0025	1043.6025	1094.16	1076.88	1074.3675	1004.365	951.34	977.955
896.1175	840.765	782.665	771.99	775.0875	698.4025	743.7575	939.125	1053.8975	1143.8275	1129.97	1092.3475	1088.3325	1130.5375	1072.8875	1027.7975	1033.8375	1060.745	1108.0675	1085.2675	1028.265	924.6025	911.27	956.93
904.085	845.3	808.255	781.6775	774.99	695.7325	640.1275	840.73	990.1325	1188.88	1187.9625	1150.9675	1081.655	1073.8325	1001.39	955.8575	959.935	988.4775	1042.2925	984.3075	948.34	865.0075	880.7675	939.695
900.7925	825.065	778.065	758.5525	755.3025	696.805	674.37	848.1425	970.0125	1100.3325	1089.535	1070.3125	1071.07	1126.2025	1055.51	999.9875	1014.5475	1033.155	1061.46	1011.355	990.3225	908.58	905.6275	960.6875
906.9375	844.2475	790.55	788.0225	787.14	673.5375	624.62	832.6525	986.755	1196.605	1210.4025	1162.295	1142.1025	1143.4225	1046.3375	991.98	984.16	996.3125	1053.975	1016.155	1045.63	954.57	948.125	985.5775
928.5175	842.205	798.6725	796.7525	792.725	727.36	759.89	959.8475	1099.5725	1204.01	1157.53	1119.93	1107.4325	1152.19	1087.1125	1014.605	1031.0625	1033.75	1071.7325	1104.0925	1117.5875	1030.78	985.3475	1023.29
917.9625	864.925	823.615	794.9475	795.4	723.8825	767.63	924.1	1018.0975	1156.0475	1121.015	1067.1325	1073.1125	1131.295	1087.995	1025.135	1005.0875	1008.9575	1084.045	1074.595	1088.665	1001.935	940.2575	1002.57
909.555	840.095	793.7425	798.98	792.54	715.855	757.015	944.21	1067.295	1169.8175	1149.185	1090.2725	1100.215	1134.245	1075.9575	1047.4025	1038.895	1047.07	1130.005	1121.4025	1126.595	1019.8325	984.1675	991.4825
944.525	865.78	825.3075	803.9275	816.68	733.7225	767.985	967.465	1081.9425	1180.48	1150.4425	1112.025	1106.725	1135.4925	1071.1475	1023.9925	1032.2225	1047.1725	1171.9375	1150.4475	1123.0375	1024.2775	1001.4575	1006.6825
911.965	855.81	809.345	786.4825	786.1225	716.21	774.3875	994.535	1112.5725	1194.2475	1158.43	1124.125	1134.635	1149.9875	1087.8075	1052.7675	1051.71	1064.8575	1142.9325	1148.645	1134.125	1001.3775	975.9825	997.7675
934.9525	868.4025	805.64	806.14	790.095	716.23	687.74	866.785	989.3175	1178.38	1170.075	1116.7925	1125.2825	1157.975	1088.5925	1051.4025	1024.715	1064.39	1102.06	1042.5925	1039.4425	914.735	898.3625	967.995
940.73	854.0575	801.755	781.565	775.52	706.58	619.6825	771.04	983.48	1221.0175	1231.5075	1208.07	1167.465	1184.8825	1117.8	1046.5775	1056.785	1041.405	1069.4625	1045.0925	1053.04	946.435	955.015	973.895
902.3125	827.405	793.1775	777.4025	772.485	725.0475	773.64	1002.21	1095.105	1194.775	1141.825	1113.5975	1127.5125	1143.2175	1094.92	1049.59	1030.035	1040.36	1105.765	1124.1175	1158.1975	1036.2525	983.4225	984.7
896.74	836.6275	778.5	761.8075	769.225	704.255	773.9975	1032.8325	1130.505	1194.9525	1180.505	1117.145	1115.2475	1167.2825	1100.68	1005.8625	1034.6575	1043.95	1107.83	1137.5	1169.9075	1047.1975	993.69	1001.1425
903.5525	828.165	789.31	780.7275	774.4575	718.6525	776.195	1013.8775	1096.61	1178.1675	1145.92	1116.03	1138.12	1163.495	1090.1925	1048.6675	1043.67	1053.165	1189.915	1197.37	1186.7725	1065.0625	1024.75	1037.405
944.6675	859.2775	794.6625	775.12	796.6125	753.925	786.065	1025.8025	1109.93	1181.38	1150.905	1102.945	1102.775	1125.565	1064.895	995.9925	1016.45	1041.2775	1140.885	1147.65	1139.63	1029.12	970.84	1000.045
911.8	846.12	780.7025	769.0125	766.2125	728.2575	779.5875	1033.1075	1128.4775	1209.235	1151.945	1117.98	1145.5075	1158.1725	1106.87	1035.7625	1039.6625	1088.1225	1169.215	1185.62	1162.3675	1021.4475	1000.525	1008.505
931.9675	845.305	800.0175	777.3	784.6775	726.9225	705.06	919.57	1099.635	1276.4775	1253.5525	1193.995	1181.585	1202.7575	1157.255	1173.455	1141.2975	1148.3825	1196.14	1128.245	1084.2	938.435	933.7675	994.24
967.21	894.7925	830.335	801.17	802.675	699.51	634.895	834.19	1061.9275	1279.3575	1294.14	1231.455	1191.82	1200.09	1116.0325	1047	1067.4325	1073.185	1112.5075	1080.6575	1077.74	972.12	952.1025	988.9875
926.6525	838.1025	785.7525	768.6825	781.0825	701.4575	768.6125	1010.4725	1104.985	1196.4925	1116.105	1065.68	1087.26	1144.24	1135.99	1041.5625	975.4475	982.085	1044.1225	1109.2825	1172.235	1058.6925	993.0975	936.5875
824.5275	731.11	706.2	703.64	707.405	670.77	784.035	1075.2025	1127.4375	1174.835	1080.2025	1056.145	1086.4525	1169.07	1071.99	997.605	984.9225	1005.9875	1106.0925	1147.7775	1203.1175	1098.745	1001.4625	949.47
841.2225	750.04	701.9675	699.3325	716.21	696.415	818.2675	1084.29	1111.515	1165.4125	1082.285	1062.295	1078.72	1135.2675	1069.3025	983.77	993.3025	993.6	1086.4775	1157.0975	1182.0475	1055.2025	981.7525	956.17
809.0225	719.7975	689.935	672.905	689.9225	661.73	801.445	1079.1775	1126.5	1152.97	1112.065	1072.845	1076.595	1160.355	1086.07	1009.35	985.0375	994.6175	1115.395	1128.355	1187.345	1065.26	990.3175	927.5325
827.3525	732.0375	697.0325	685.94	687.05	669.9525	807.27	1075.1225	1180.0075	1217.16	1125.8675	1095.7725	1102.565	1164.6525	1108.15	1035.9425	1021.76	1048.605	1145.24	1173.0575	1171.485	1044.6725	981.8575	940.935
853.295	773.0775	715.095	706	683.1825	647.365	686.375	934.7125	1151.115	1320.61	1296.8425	1221.9175	1239.2625	1266.62	1192.7175	1142.5375	1122.5925	1132.1075	1196.755	1142.1575	1102.665	967.5025	919.95	893.14
866.3225	789.1675	713.3025	686.6475	680.865	636.155	640.23	824.94	1059.45	1302.615	1310.0425	1246.6525	1189.695	1200.0375	1117.2725	1055.505	1054.5825	1033.0225	1093.9525	1091.3625	1095.605	995.875	933.29	907.2225
815.39	736.3025	688.4875	676.3575	682.9625	668.1125	818.8525	1120.8175	1191.7225	1225.245	1165.19	1115.0825	1133.36	1176.395	1097.125	1028.6275	1011.9025	1047.7925	1139.5675	1199.04	1235.495	1084.2325	994.835	921.9675
777.5	686.005	644.5725	639.415	651.3075	651.5725	796.39	1121.0575	1195.8525	1215.17	1158.1975	1111.8675	1126.4575	1187.94	1105.2275	1019.5225	1029.25	1056.58	1157.8025	1191.0625	1208.605	1086.815	991.26	954.6225
805.3875	718.5025	673.12	660.355	662.1125	647.6925	766.9525	1065.67	1162.385	1160.6775	1104.8725	1087.6775	1099.015	1171.08	1104.7825	1012.03	998.4825	990.7675	1113.225	1155.3775	1185.4925	1088.33	986.52	924.935
826.765	722.7225	691.4675	689.255	701.23	676.465	805.8075	1075.9975	1165.23	1182.1675	1130.3625	1082.8725	1080.4825	1159.0825	1091.03	1044.035	1031.7825	1010.3875	1113.055	1156.955	1177.3625	1063.37	980.15	932.6525
811.5325	731.3775	690.2075	674.0925	680.28	669.4225	770.095	1095.32	1160.42	1164.1525	1113.0575	1080.92	1100.135	1178.795	1092.1025	1032.8675	1017.825	1026.7	1146.0525	1159.7125	1181.8725	1038.6825	970.175	898.61
848.57	848.01	832.5525	828.6025	833.42	798.475	880.485	1108.1225	1265.7425	1349.76	1321.23	1244.92	1237.295	1251.9475	1208.9025	1163.895	1124.665	1128.2625	1162.7775	1123.5975	1103.61	966.9925	924.5825	884.0275
827.63	731.82	681.02	650.1975	646.04	626.1575	612.9375	829.85	1089.3375	1336.5825	1353.9375	1266.5075	1197.69	1210.3525	1145.0375	1073.5775	1036.2325	1023.6025	1093.415	1120.2	1127.9425	1039.505	968.4475	889.1625
809.77	717.7875	670.9525	667.2425	667.0575	659.2975	818.19	1211.06	1188.6725	1196.0525	1161.3675	1105.5675	1122.915	1174.4775	1120.56	1034.845	1028.92	1028.235	1144.4775	1190.52	1216.515	1120.4225	1010.5325	927.7175
818.7125	743.34	689.7025	675.12	674.715	670.1375	832.5825	1210.5	1203.925	1185.1575	1152.7475	1092.49	1101.74	1153.08	1124.045	1044.715	1028.4	1044.87	1136.145	1218.49	1249.095	1109.5875	1026.525	946.7825
825.175	735.4175	709.195	716.7475	700.4125	689.4425	857.015	1231.3275	1214.87	1203.6	1157.5225	1104.4125	1112.3075	1152.5275	1086.3225	1032.23	1016.3675	1030.1375	1162.7725	1207.3975	1218.59	1102.77	1008.21	918.94
817.6975	733.6625	694.98	680.9975	672.94	674.58	835.1175	1211.035	1201.3075	1163.61	1099.485	1077.27	1093.6575	1153.1075	1103.0225	1022.03	1008.225	1024.3425	1146.9375	1195.57	1197.0725	1089.4975	997.1525	919.28
820.9625	718.375	695.83	678.8325	676.705	668.505	825.565	1192.925	1166.135	1183.655	1100.7125	1064.255	1077.5775	1129.9375	1080.7	1052.0225	1017.61	1051.255	1155.2425	1183.7075	1191.2425	1066.81	973.0225	883.9175
848.4825	731.28	704.47	683.7475	672.825	642.4825	668.975	925.79	1079.75	1259.0025	1266.8475	1221.775	1205.8575	1251.7375	1210.6475	1116.08	1108.595	1115.265	1169.195	1161.005	1097.7175	958.2475	924.97	911.0225
838.2075	740.7775	679.865	660.8975	646.0575	605.8125	603.695	833.6725	1096.275	1367.6975	1389.73	1319.5125	1278.985	1281.2375	1190.2975	1080.405	1057.4825	1035.89	1105.1875	1128.475	1115.555	1040.375	941.7225	900.475
770.895	698.96	667.88	647.975	656.475	644.9525	820.1625	1207.795	1202.4675	1235.5825	1171.3175	1122.335	1138.5775	1161.63	1093.5	1057.3075	1017.365	1035.4225	1140.545	1193.175	1224.07	1112.28	990.7675	910.12
799.3475	705.11	678.5175	664.625	663.99	665.9475	817.39	1197.265	1189.525	1176.69	1138.6675	1084.765	1077.43	1161.0425	1087.13	1002.03	992.155	993.1875	1116.7975	1198.445	1204.475	1092.2075	970.7425	925.7475
789.0625	706.115	680.0425	674.9575	660.8875	638.5675	816.5625	1223.01	1188.17	1179.4825	1117.465	1091.8175	1087.22	1140.21	1082.2025	1006.2125	986.81	1002.4575	1150.7275	1194.0625	1194.9625	1079.715	977.4475	909.6575
806.1375	715.6025	680.68	666.315	661.5625	655.4875	802.8075	1188.485	1166.875	1152.4475	1088.155	1095.0525	1096.8275	1158.375	1097.72	1026.925	997.975	1017.325	1151.2125	1209.065	1189.9825	1081.84	965.785	910.77
806.6475	727.895	673.27	669.0275	673.7725	646.7475	808.6025	1206.6525	1184.835	1207.4125	1134.6275	1090.74	1118.1325	1147.1225	1134.0375	1067.25	1027.0975	1057.8625	1176.5225	1200.2675	1184.2325	1051.22	975.5625	887.5825
818.7275	736.47	687.2175	660.865	652.695	633.595	692.9075	976.7225	1175.8975	1348.735	1309.8925	1247.67	1234.5975	1268.1625	1226.8625	1167.73	1125.4575	1150.72	1213.235	1175.685	1108.82	947.9475	907.8225	904.4825
834.9075	757.9875	696.075	664.3725	653.4275	610.8525	606.885	804.8975	1066.2125	1331.5725	1346.515	1288.7925	1229.4225	1200.2925	1151.7175	1066.5725	1029.9075	1033.435	1102.27	1104.05	1086.64	988.3225	922.1675	872.78
757.735	694.525	644.9725	633.8425	634.9725	627.39	813.48	1174.255	1195.195	1158.275	1132.895	1072.0575	1054.4575	1085.135	1121.305	1066.19	1060.37	1079.1575	1146.08	1203.305	1212.4025	1084.3325	962.9275	955.0775
849.56	751.0675	712.3075	707.0375	708.515	656.315	807.0975	1179.505	1187.98	1192.88	1126.92	1091.97	1097.46	1150.2675	1094.4325	997.37	992.6425	1038.9	1158.94	1199.66	1215.5575	1069.9275	959.1275	920.8825
802.5925	702.38	652.975	646.1975	644.4475	644.485	802.4975	1182.51	1175.0475	1133.52	1050.2125	1060.0375	1054.4225	1096.7825	1067.4625	971.65	949.6575	997.3175	1115.545	1155.04	1178.3875	1064.415	950.9275	889.51
779.0675	695.41	659.18	647.94	648.935	626.18	801.77	1155.545	1153.35	1147.34	1080.6	1071.57	1099.89	1082.6925	1032.7075	939.39	909.345	933.0825	1039.085	1202.1275	1206.915	1089.655	939.78	892.5825
794.3975	728.435	623.518125	607.630625	607.4475	647.9175	781.0525	1182.4425	1194.7575	1156.12	1076.4775	1033.5475	1100.3075	1224.1425	1169.7075	1040.705	1023.8775	1053.3825	1143.6075	1187.35	1166.285	1042.1725	974.1475	929.7
856.2025	746.44	702.98	687.6075	684.78	612.315	664.625	997.3075	1186.6975	1334.995	1302.8225	1228.9	1209.9825	1260.4975	1222.03	1158.0975	1133.5425	1127.86	1185.145	1162.9525	1082.8725	940.45	889.57	887.4225
836.185	745.5825	692.73	668.7425	646.7	595.02	577.895	793.325	1115.23	1353.3825	1340.4825	1279.6425	1207.1375	1203.4275	1164.685	1051.565	1018.965	1014.6325	1077.3675	1082.1925	1089.79	966.48	892.885	849.2025
746.8025	671.7875	630.045	620.265	622.5125	625.465	790.9475	1168.7075	1166.27	1171.385	1099.965	1060.1125	1080.8375	1128.1625	1071.0175	987.3975	952.7525	986.0325	1124.005	1168.895	1201.0875	1078.0225	955.11	844.635
732.8575	639.1725	593.2	587.175	588.355	632.8275	798.565	1164.77	1167.425	1156.605	1091.27	1079.2725	1075.235	1150.585	1091.0025	981.9725	975.4275	973.8275	1119.74	1184.725	1197.53	1083.345	962.0075	885.58
748.65	670.5725	642.145	630.64	622.9525	609.5175	790.99	1170.2575	1165.1575	1157.4875	1089.35	1067.2125	1071.56	1139.105	1083.7525	1007.6675	983.7875	1011.175	1164.8725	1193.8425	1196.245	1089.92	1001.3725	884.815
765.03	706.015	658.4925	645.6675	639.12	612.9525	795.56	1154.015	1170.9525	1134.4375	1069.6425	1065.79	1063.6775	1133.9875	1079.2825	978.4375	972.7425	1001.9225	1149.3175	1193.495	1178.215	1070.8	956.245	886.465
748.1575	672.78	632.2025	622.045	618.3475	605.0125	796.72	1173.845	1185.5275	1177.1275	1099.91	1072.825	1072.635	1135.88	1103.6775	1038.005	1007.635	1024.67	1183.42	1208.94	1160.3925	1040.8125	952.4325	873.54
759.595	689.37	635.37	609.1325	604.245	571.5125	650.94	962.825	1155.3	1331.705	1286.4725	1237.2575	1242.5575	1263.285	1243.1275	1160.475	1125.4425	1137.7875	1180.7275	1115.32	1054.345	902.2625	828.1975	855.24
772.625	721.6275	642.4075	617.4	604.2375	559.0075	563.275	750.8325	1016.245	1289.0175	1285.11	1212.72	1173.3625	1204.055	1126.37	1054.51	1007.2725	978.96	1053.5525	1080.2375	1082.335	955.8825	878.5925	821.8175
703.505	647.02	613.29	597.95	596.5625	599.01	774.0475	1149.1275	1141.11	1163.25	1112.6375	1068.295	1084.175	1112.7625	1047.4475	966.05	939.2625	962.5175	1133.635	1131.8875	1152.95	1043.985	904.0925	830.3975
721.52	654.255	596.32	585.8725	594.0525	577.7775	774.5775	1179.28	1248.275	1163.21	1076.42	1055.46	1076.5825	1141.7825	1079.2525	993.37	932.5075	973.595	1106.82	1150.23	1180.5475	1050.8925	925.3325	856.09
734.915	654.945	609.4525	595.89	592.8625	587.255	779.365	1138.4225	1145.3	1145.675	1031.525	1030.3225	1035.575	1086.5225	1069.7475	967.335	950.115	975.155	1116.15	1161.585	1165.6575	1051.1575	930.7325	852.0375
741.6375	673.6825	608.0525	600.7475	610.775	601.3925	768.4175	1128.62	1153.9775	1135.9075	1072.99	1058.465	1045.8725	1095.8775	1074.7725	990.2	976.4675	999.025	1102.63	1153.425	1134.1225	1025.51	941.7775	860.2525
736.8675	671.01	629.3	616.5975	612.4225	588.6825	759.0425	1123.68	1141.5325	1156.1325	1116.8725	1076.1025	1084.4525	1126.56	1081.5425	1035.675	1012.495	1013.97	1137.71	1148.115	1120.7725	993.93	925.8675	864.6275
779.7225	688.265	666.3225	639.5775	635.8725	623.975	648.3875	916.66	1109.99	1281.2375	1245.2325	1176.9625	1198.7525	1221.61	1174.1175	1118.74	1081.245	1101.345	1194.0875	1117.2575	1041.41	907.8675	859.725	854.2675
783.09	732.5975	674.93	644.3525	635.3575	602.9	573.9675	741.2275	1006.3025	1279.7075	1277.165	1200.145	1167.975	1176.885	1108.755	1036.1675	995.9125	981.55	1076.4825	1069.9525	1042.1025	935.705	892.6375	841.7275
716.015	660.145	634.325	623.8925	622.93	637.2825	785.5425	1112.935	1108.715	1133.825	1076.035	1035.9175	1062.6325	1111.38	1038.0375	978	937.605	975.43	1094.055	1121.39	1149.0025	1024.5675	915.1675	863.9775
732.4325	656.5475	628.305	615.7225	618.025	611.6375	757.5625	1103.36	1130.1275	1124.4575	1153.7625	1081.085	1056.2225	1106.695	1048.2675	985.97	971.8425	982.0375	1100.42	1145.385	1142.0475	1025.89	945.6725	877.53
736.395	669.79	630.5025	639.22	644.8425	634.9825	762.5675	1091.4925	1137.58	1144.8925	1112.645	1056.9275	1063.325	1112.04	1047.015	982.41	950.9325	985.135	1113.69	1151.0975	1146.3775	1040.03	943.455	881.6575
749.74	704.5975	669.2825	665.48	658.2775	663.635	787.195	1114.215	1133.8875	1127.7975	1095.0425	1059.89	1049.465	1109.065	1061.36	979.2775	948.985	962.995	1106.425	1139.1825	1130.405	1030.2525	924.0975	852.2625
742.175	684.8525	634.1225	623.52	620.53	612.705	764.6175	1102.7575	1131.875	1184.5975	1129.79	1084.2075	1099.1125	1125.955	1082.61	1019.1175	983.34	1014.8	1121.09	1130.7025	1124.0125	1015.705	947.93	861.7075
786.335	719.4875	669.54	651.3475	648.1675	639.26	665.745	913.2125	1102.77	1302.835	1263.3975	1203.0925	1186.9625	1221.7275	1185.87	1125.9025	1081.2475	1085.7775	1175.965	1106.4675	1042.885	933.4775	877.1325	862.0325
789.4325	703.0875	635.91875	620.7875	592.1275	538.0175	632.3825	900.6075	1241.65	1324.705	1239.4575	1181.5225	1123.7375	1134.9975	1075.9025	976.5425	954.6725	976.215	981.345	972.5375	991.17	938.26	867.86	785.8175
674.675	639.395	613.425	597.8175	599.6625	572.37	797.0275	1145.9225	1204.575	1141.7225	1077.7675	1040.8675	1037.57	1096.3975	1027.29	945.91	937.24	949.9225	1054.685	1075.8425	1096.6475	969.505	886.28	807.12
692.6325	639.38	612.0175	615.6725	596.8725	594.125	780.705	1151.055	1142.1325	1095.78	1067.4425	1027.6125	1034.445	1082.4325	1023.4675	954.21	919.4625	946.66	1081.3225	1097.8175	1121.3675	1003.55	867.2875	819.49
692.66	625.3625	576.185	565.6275	575.79	586.0725	803.1	1197.5975	1172.485	1144.4625	1066.0675	1054.4675	1058.2775	1120.9525	1075.55	917.93	955.8	995.99	1093.54	1106.62	1125.105	981.48	883.2875	832.8975
707.5875	631.0425	579.4725	575.31	584.505	570.9275	793.72	1163.73	1151.37	1093.2025	1079.96	1064.2025	1067.7475	1112.435	1046.29	901.285	894.6525	1008.26	1094.8025	1121.02	1138.935	1027.2025	892.015	837.9925
724.1225	639.3475	598.4475	568.36	578.49	606.7825	778.8	1150.58	1152.415	1135.8825	1082.0275	1056.9275	1049.0925	1126.645	1080.15	1013.39	1005.4025	1048.835	1116.39	1112.37	1077.535	911.31	874.675	843.4075
755.0075	678.56	622.19	601.285	601.0325	548.9825	587.4475	828.9025	1095.7575	1311.875	1279.3475	1202.09	1172.7125	1189.6075	1138.04	1049.9225	996.6225	1048.325	1094.4825	1025.32	988.5125	858.595	800.8025	786.0625
744.3575	682.4525	622.3825	596.24	563.3125	556.9225	542.0925	791.715	1083.4925	1300.3825	1272.1725	1201.365	1158.22	1165.7075	1101.8325	996.2975	950.665	998.585	1057.76	1011.115	1010.48	907.0925	858.075	788.5225
678.97	635.98	590.455	582.2275	601.9475	610.99	766.5	1141.435	1154.3175	1141.2275	1090.0125	1059.88	1059.495	1120.385	1051.845	965.8775	960.69	982.155	1070.42	1110.435	1116.39	993.7325	895.555	835.3525
700.945	630.1775	589.47	574.4075	586.195	567.225	764.3425	1148.4425	1166.505	1128.445	1034.8	1018.14	1036.59	1090.095	1019.1625	931.7475	924.145	969.9125	1063.6225	1058.5975	1061.68	949.8575	878.675	850.4325
717.4975	653.405	610.32	597.735	593.045	534.7825	649.24	1087.3775	1065.2125	1059.555	996.6125	975.5525	974.51	1052.985	992.235	921.9325	906.11	931.3575	1029.995	1027.98	1039.29	917.0325	853.4	845.925
729.2125	658.955	640.295	624.29	603.7725	531.1975	641.7975	1023.27	1021.16	1048.185	993.3125	970.1	985.945	1021.09	945.355	914.26	893.065	957.045	1017.225	1011.3475	1033.7675	947.26	855.3025	847.5425
738.55	671.825	636.655	622.4925	627.8625	594.6225	634.3775	1037.71	1068.515	1072.4075	1039.27	1007.21	1002.07	1076.2225	1024.0925	949.785	947.7875	982.545	1060.3625	1049.795	1051.7025	935.68	860.285	840.35
788.045	697.4025	652.1325	632.6	629.5575	581.05	501.1275	786.17	1007.245	1164.5975	1150.205	1101.1625	1069.2825	1125.8075	1108.6225	1064.9775	1051.0975	1071.845	1106.4825	1023.995	973.2925	813.8375	805.1425	836.525
802.2675	728.02	679.3	644.365	634.4375	542.8225	438.2	580.27	946.5675	1229.6575	1239.89	1196.32	1145.4475	1146.9875	1066.18	1009.275	971.7825	985.4525	1027.505	969.4475	973.2725	845.73	828.5	817.2325
731.0475	670.2725	625.8875	620.7275	622.135	532.295	604.59	1012.9425	1058.8925	1089.2	1031.805	1002.4225	993.4925	1025.3025	983.7725	909.7825	883.0475	922.065	992.67	1004.455	1036.92	932.79	853.02	852.7575
733.93	683.8825	635.405	620.1375	618.74	516.2525	605.4875	1060.74	1064.4275	1073.32	1049.6725	1034.0675	1018.9425	1087.95	1020.1	940.8975	924.25	953.6175	1053.285	1049.1025	1046.8475	962.6975	940.495	912.345
795.8875	731.5075	683.895	663.3175	592.5475	537.5775	684.1	1077.53	1090.64	1100.2675	1061.5525	1022.4325	1041.19	1062.145	997.085	940.055	920.8975	961.9475	1064.775	1051.9975	1055.045	965.125	879.1975	870.3475
767.02	694.4525	659.0775	595.0425	547.2825	535.98	713.72	1034.7425	1045.8625	1048.84	1024.435	1004.99	995.1225	1062.25	1000.9075	933.04	933.485	954.5425	1037.4325	1043.165	1042.9275	968.29	894.745	883.1275
765.0225	691.335	664.035	644.4525	620.7375	530.625	644.6425	1062.5375	1079.86	1110.5175	1054.4575	1026.97	1031.77	1076.2625	1041.81	974.725	948.4175	1009.3275	1079.4525	1045.3375	1087.5925	940.74	893.0775	887.785
806.4625	719.7475	675.06	630.43	552.6775	514.8	520.775	848.205	1041.065	1177.5325	1167.55	1126.2325	1116.665	1163.41	1133.43	1052.92	1028.3375	1050.825	1125.765	1034.42	956.0175	861.4525	829.82	863.9825
828.8425	754.1375	663.585	610.9325	549.735	494.515	472.68	683.29	1025.1	1277.9925	1299.98	1223.4075	1166.0975	1162.53	1119.8225	1016.18	951.2525	965.2275	1005.03	949.885	965.8825	893.4575	863.3775	889.5375
772.8775	690.6925	642.52	559.7675	534.9175	520.0475	668.59	1039.24	1056.3675	1059.19	1035.1875	983.7425	996.73	1055.35	986.9825	918.5075	914.2725	944.9525	1028.69	1031.47	1053.0775	954.7525	881.0225	845.81
755.3525	682.655	641.705	627.76	539.8325	521.445	639.3525	1066.6825	1087.1725	1113.7425	1086.0075	1036.575	1072.1525	1093.82	1055.1825	958.0075	927.0375	963.5425	1056.95	1061.0675	1078.555	974.4575	900.075	870.6475
768.7375	699.205	670.095	604.9025	568.635	544.12	670.5975	1095.1375	1099.0575	1101.06	1059.42	1014.765	1035.3925	1103.375	1030.98	945.0775	941.48	967.2	1057.68	1061.28	1068.605	957.9725	872.3075	873.595
771.655	700.09	653.23	557.365	552.045	530.9675	707.365	1067.48	1072.1675	1109.95	1059.015	1018.18	1019.215	1069.415	1001.0575	955.9925	920.1825	984.4775	1088.8025	1047.22	1058.695	951.065	884.1575	854.75
765.3275	703.255	683.825	641.15	554.925	538.8	648.2675	1052.095	1043.6075	1069.0125	1035.5675	1014.1825	992.67	1077.57	1050.9125	962.735	956.5875	994.6275	1076.7775	1053.7575	1046.67	914.995	882.525	868.825
795.29	722.9125	677.725	657.4875	637.2025	520.4775	531.0925	807.255	1025.41	1207.865	1202.9	1134.96	1123.8875	1193.0225	1148.83	1093.035	1108.765	1108.6275	1125.75	1062.425	1011.9225	856.4125	844.7925	886.5825
826.15	767.5825	672.8625	570.0525	553.8475	507.59	497.405	685.985	958.825	1229.6475	1270.6975	1207.9125	1157.75	1151.2225	1101.25	996.55	963.6925	977.395	1000.03	949.77	952.5075	858.485	851.8825	855.15
754.8875	692.8175	655.73	637.05	607.6825	537.7075	612.025	997.56	1058.8775	1103.9975	1052.6825	1038.845	1048.8525	1116	1057.12	968.515	927.63	965.4375	1040.335	1043.2525	1070.9775	959.405	891.0025	891.6825
765.185	695.0825	666.17	651.65	648.715	618.72	697.5075	1047.3775	1073.16	1087.6075	989.495	983.275	1017.3325	1079.6375	1009.1425	910.7775	911.4975	962.0775	1049.825	1056.9725	1072.2875	961.425	894.71	880.155
768.275	697.895	648.7725	555.11	547.79	529.9325	695.2625	1067.185	1076.1275	1102.5575	1032.495	990.7325	1010.93	1043.2825	1010.98	929.0275	907.3475	961.8825	1050.6975	1057.0625	1087.4475	950.6625	894.6825	882.4325
747.81	693.4675	625.5825	553.6075	549.365	528.9975	680.64	1040.795	1059.245	1066.69	1019.5425	998.8825	999.9275	1055.2225	988.1275	928.4475	923.6825	951.7475	1045.8575	1049.07	1066.2925	947.9075	874.58	857.6475
782.6475	690.1325	652.58	594.065	542.65	516.0725	659.3575	1048.04	1062.0225	1082.29	1030.22	996.95	1009.495	1076.665	1014.4575	971.225	944.2075	986.0675	1082.1075	1050.725	1047.28	918.27	878.4225	880.8375
815.9175	727.725	697.1075	662.045	651.065	519.8025	511.845	779.2225	1017.51	1200.4625	1176.5325	1139.575	1129.2275	1171.5825	1148.5675	1075.0625	1061.5425	1103.315	1126.4225	1048.765	986.425	890.64	858.145	893.215
833.9975	766.49	687.3125	606.9425	569.6375	498.8425	469.095	634.025	926.33	1228.42	1239.8075	1186.985	1131.47	1145.0275	1076.67	1000.6825	959.555	969.49	982.94	941.39	950.7275	845.8125	847.92	854.22
754.905	688.0775	657.8975	650.5725	601.2425	524.56	614.61	986.445	1050.8975	1064.2125	1028.345	1017.1775	1012.8025	1082.7225	996.425	915.7025	906.575	923.33	1026.275	1046.555	1058.95	958.05	902.055	890.0675
772.3175	671.105	648.1275	633.03	548.4675	520.9	614.7775	1032.755	1059.075	1094.9375	1028.895	998.19	1030.1625	1037.4275	1005.9425	932.1725	895.8125	939.345	1025.9275	1037.735	1060.37	973.8575	897.8	861.4925
759.235	682.99	644.7525	626.8175	544.045	524.6575	628.46	1054.68	1066.6325	1079.4725	1026.205	993.595	995.2075	1055.34	996.2975	916.335	910.8575	952.8025	1061.725	1043.255	1052.8825	934.27	901.32	921.305
876.93	817.515	659.715	567.7075	550.135	520.38	687.295	1030.225	1040.9775	1061.3375	1026.2225	985.1975	995.3075	1063.735	1011.92	942.1025	908.7325	941.595	1045.2925	1039.2	1049.67	946.2375	885.4625	869.5625
771.9775	697.71	649.87	627.445	554.8175	520.4475	622.0275	1009.8675	1013.3325	1067.7325	1027.025	1010.395	1020.55	1076.8275	1034.425	965.3125	953.2825	989.025	1049.375	1036.245	1046.7775	913.04	888.79	876.8225
793.105	708.8425	659.89	646.5725	611.735	511.37	501.145	794.7525	1008.9575	1189.055	1177.58	1116.565	1100.6525	1169.5425	1124.3775	1038.445	1029.2525	1051.0775	1103.13	1017.0475	990.74	865.685	853.505	872.9925
820.195	750.9625	691.8675	583.815	548.97	491.32	437.565	648.2725	942.68	1204.855	1212.155	1166.45	1110.8375	1123.6825	1081.3325	977.405	947.435	951.1525	978.7325	905.89	902.1875	816.355	819.7425	847.13
772.07	699.765	653.225	589.975	535.2025	487.1875	437.8075	653.845	982.075	1245.5375	1241.5125	1164.7625	1122.2975	1139.53	1082.06	1002.945	973.4675	962.5575	1002.93	957.2275	975.8825	876.9125	845.7775	857.095
758.6425	682.79	645.38	634.0825	598.5575	530.4475	618.255	1006.415	1067.0175	1089.9925	1051.5425	1041.8975	1010.12	1075.5075	1034.5875	952.2425	924.2025	949.2225	1032.6475	1055.155	1078.39	966.5725	900.9	865.9375
747.75	684.3225	660.745	644	609.8275	531.65	634.875	1040.645	1089.8625	1119.5325	1059.28	1005.835	999.7	1072.4275	1022.7275	933.9675	924.6525	960.03	1030.46	1053.4275	1067.9225	952.5175	884.9075	886.0525
757.9425	690.28	643.165	552.6275	556.26	534.5875	700.7525	1054.8325	1056.14	1089.655	1028.4425	982.6775	1009.12	1061.89	1016.59	946.79	910.3475	943.5525	1032.0225	1030.6525	1045.0925	952.175	885.655	859.975
765.92	686.61	643.3525	649.375	554.2475	525.89	607.33	990.7225	1053.1525	1103.92	1060.96	1015.435	1033.0375	1098.355	1046.95	973.0375	953.7125	972.3225	1049.68	1060.07	1025.755	904.335	887.7725	862.2425
772.55	704.595	659.53	642.46	636.52	559.6575	523.2125	779.885	1033.425	1209.9025	1178.845	1123.92	1109.2375	1132.84	1116.6325	1066.9225	1055.3575	1055.67	1110.05	1042.7125	964.5225	860.15	848.6375	892.37
820.99	736.675	662.86	576.975	542.3625	493.62	461.71	671.2225	959.9325	1223.9025	1245.895	1177.6325	1124.005	1140.4525	1089.87	985.33	947.655	963.63	978.89	937.6775	961.045	875.22	838.175	839.11
737.5675	672.9525	642.64	628.95	641.4075	551.9125	634.605	993.9	1026.095	1071.4575	1004.85	978.11	996.2975	1047.61	996.57	930.59	901.6575	939.255	1008.945	1021.3075	1056.23	950.3	870.0825	860.62
734.9225	668.0175	631.02	619.3775	617.215	529.3375	621.5525	1006.6425	1030.665	1035.6725	986.94	969.7875	985.9075	1057.55	1004.4125	924.37	902.9475	929.84	1025.545	1045.3875	1055.175	949.7775	897.8375	883.9775
749.81	676.9275	632.0125	615.3425	598.295	525.8675	632.38	1053.3075	1074.915	1114.1125	1040.0375	999.49	1007.8725	1043.165	1011.1375	942.8975	917.2525	954.8625	1037.6875	1039.9	1048.06	940.04	888.7925	869.3725
764.6275	702.995	649.72	597.53	546.66	530.925	674.01	1036.53	1046.775	1063.815	1013.4175	978.0675	980.88	1057.9175	992.3475	940.585	920.555	939.695	1034.12	1042.645	1034.9825	943.74	896.33	877.3925
756.5775	686.335	650.0925	620.035	622.5025	544.345	627.235	1018.92	1063.4025	1101.9925	979.0975	956.3775	990.6625	1023.2175	1008.285	940.89	944.6325	1001.0125	1089.0025	1077.6675	1072.3925	931.4175	895.16	890.1075
811.3875	728.125	663.2475	625.675	546.8425	503.8625	522.62	823.4225	1018.4425	1206.155	1166.545	1114.785	1111.0575	1153.105	1131.7125	1055.2925	1040.335	1054.5775	1103.33	1024.72	984.2125	884.82	861.235	890.4475
813.345	737.025	648.2175	590.0275	537.9425	504.3275	477.985	658.9475	906.475	1219.36	1222.8075	1155.655	1116.5725	1143.035	1083.5375	991.775	949.8925	947.4325	979.615	931.0025	984.7275	898.985	870.8425	883.365
777.16	691.1475	632.255	581.25	527.9375	525.28	636.625	990.3975	1061.6525	1103.5425	1053.08	1019.5925	1015.405	1067.4975	1041.6325	955.0325	922.15	956.245	1046.3175	1001.4025	965.265	925.635	913.6325	910.9075
766.2525	625.08	594.1625	648.5025	584.5225	523.5025	634.0575	986.615	1057.1275	1078.1975	999.8275	958.015	956.7325	1033.295	1073.9175	1007.5525	968.795	948.2525	1019.0625	965.8725	970.2475	864.91	894.45	923.855
860.195	774.8925	705.7825	664.48	605.7075	522.87	498.285	820.7375	982.375	1150.5275	1140.54	1076.285	1062.2725	1122.3275	1107.56	1067.8775	1051.555	1081.9175	1131.13	1013.815	898.3425	813.94	866.945	927.505
870.9775	840.59	752.9375	683.18	602.895	495.72	409.055	577.67	856.87	1165.175	1229.075	1179.4125	989.455	879.785	919.56	931.9	921.685	909.615	918.445	814.5225	819.5725	753.5475	804.09	894.9525
826.3725	759.4375	697.87	677.745	586.495	508.9275	390.9425	553.9725	802.955	1140.54	1210.025	1192.7325	1086.79	1032.91	1004.0675	965.56	930.025	929.13	960.9125	866.43	836.545	751.6325	787.3525	885.44
806.5125	747.31	709.21	686.1525	686.5425	512.09	414.45	582.3725	887.4975	1133.0825	1138.17	1094.15	1069.235	1099.68	1053.13	989.0175	961.6425	964.135	1007.2225	901.3025	867.28	773.9025	795.85	887.81
837.9125	771.2025	712.6125	694.795	686.0325	557.495	405.825	496.545	778.1775	1090.3175	1146.83	1111.9825	1083.165	1111.17	1038.9125	964.73	940.045	963.985	977.615	886.0875	883.44	795.05	806.9275	881.1025
817.905	743.895	699.515	681.38	676.9975	574.03	493	730.1875	942.9325	1131.385	1103.195	1056.2625	1045.24	1083.2475	1053.5625	963.185	924.72	950.19	1013.15	936.1425	960.9375	864.7475	841.765	913.295
837.1875	773.46	716.845	698.895	701.025	580.5775	488.0075	709.96	962.245	1119.1525	1101.59	1052.0125	1045.0675	1083.475	1046.27	970.0325	946.76	958.2025	996.0725	941.59	963.2125	853.5225	851.88	927.1025
856.1325	785.6675	727.375	703.91	715.9725	559.6025	479.71	694.815	951.7025	1132.905	1133.085	1116	1091.77	1135.825	1107.4175	1056.24	1054.43	1136.625	1205.335	1063.12	860.4175	712.475	786.0675	894.1975
